v1,v2,v3
0,1,24
0,24,26
1,29,24
1,8,29
0,4,1
0,747,4
1,4,748
9,748,751
1,9,8
1,748,9
0,26,16
0,16,747
8,27,29
27,28,29
28,30,29
29,30,31
24,41,26
24,29,42
29,31,42
31,34,42
24,42,41
34,62,42
16,26,72
26,41,72
42,62,65
41,42,360
42,65,2674
41,2675,72
42,2674,360
41,360,2675
360,2674,2676
360,2676,2678
360,2678,2677
4,747,765
4,765,748
748,756,753
748,752,751
748,753,752
748,791,756
747,787,765
748,765,788
747,776,787
16,776,747
16,841,776
748,788,791
765,787,1633
765,1633,788
788,792,791
788,793,792
776,841,1658
776,1658,787
16,72,841
72,869,841
72,2675,869
841,1818,1658
841,869,1818
869,2717,1818
788,1661,793
787,1660,1633
788,1633,1661
793,1661,794
1633,1660,1661
787,1658,1660
794,1661,1659
1659,1661,1663
1658,1704,1660
1661,1665,1663
1660,1920,1661
1661,1920,1665
1660,1704,1920
1658,1818,1704
1818,2717,1822
1819,1823,2865
1704,1818,1822
1706,1823,1821
1820,1821,1823
1819,1820,1823
1822,2865,1823
1665,1920,1917
1917,1920,1918
1705,1918,1920
1705,1920,1706
1704,1822,1920
1706,1920,1823
1822,1823,1920
360,2694,2675
360,2677,2694
2677,2680,2694
869,2675,2717
2675,2694,2717
2680,2716,2694
2694,2716,2718
2694,2718,2719
2694,2865,2717
2694,2719,2865
2719,2864,2865
1822,2717,2865
1819,2865,2864
2,3,25
2,27,8
3,45,33
2,5,3
2,749,5
3,5,750
2,751,752
3,754,755
2,752,749
3,750,754
2,8,9
3,11,10
2,9,751
3,755,11
3,10,45
2,25,27
3,32,25
25,30,28
25,31,30
25,28,27
3,33,32
32,33,35
25,34,31
25,43,34
25,32,44
32,35,36
32,36,44
36,37,44
34,43,62
25,44,43
37,66,44
43,65,62
44,66,67
43,2674,65
44,67,2683
43,44,362
43,2676,2674
43,362,2682
44,2683,362
43,2682,2676
67,2679,2683
749,753,756
5,749,784
5,784,750
749,752,753
750,757,754
750,758,757
750,759,758
749,756,789
750,795,759
749,789,784
750,784,790
756,791,789
750,790,795
789,791,792
784,789,1634
784,1634,790
789,792,793
789,793,794
790,796,795
790,797,796
790,1635,797
789,794,1659
789,1674,1634
790,1634,1675
790,1675,1635
1635,1675,1637
1634,1674,1675
789,1659,1674
1637,1675,1662
1659,1663,1674
1663,1665,1674
1662,1675,1664
1664,1675,1919
1665,1921,1674
1674,1931,1675
1675,1931,1919
1706,1821,1963
1819,1963,1820
1820,1963,1821
1825,1964,2867
1665,1917,1921
1917,1918,1921
1674,1921,1931
1919,1931,1922
1922,1931,1926
1705,1921,1918
1705,1706,1921
1926,1931,1928
1925,1928,1931
1921,1963,1931
1706,1963,1921
1824,1925,1964
1925,1931,1964
1931,1963,1964
1824,1964,1825
2676,2682,2678
2677,2678,2682
2677,2682,2680
2679,2684,2683
2683,2684,2685
362,2712,2682
362,2683,2712
2680,2682,2716
2683,2685,2712
2685,2686,2712
2686,2693,2712
2682,2720,2716
2682,2712,2720
2693,2721,2712
2718,2720,2719
2716,2720,2718
2719,2720,2864
2712,2721,2722
2712,2722,2723
2712,2870,2720
2712,2723,2870
1819,2864,2720
2723,2866,2870
1819,2720,1963
2866,2867,2870
1963,2720,2870
1964,2870,2867
1963,2870,1964
7,12,38
6,7,755
6,762,12
12,762,763
7,10,11
7,11,755
6,12,7
7,45,10
12,17,15
12,15,46
12,761,17
12,763,761
7,38,45
33,45,38
12,40,38
33,38,35
35,38,36
36,38,37
37,38,64
38,40,68
38,68,64
12,47,40
12,46,47
40,47,48
40,48,49
40,49,63
37,64,66
40,63,68
64,67,66
63,69,68
68,69,76
64,68,363
64,2679,67
64,363,2687
64,2687,2679
68,76,2689
68,2691,363
68,2689,2691
6,785,762
6,754,757
6,755,754
6,757,758
6,758,759
762,766,763
762,767,766
6,759,785
762,768,767
759,795,785
762,785,1638
762,1638,768
785,795,796
785,796,797
785,797,1636
785,1636,1645
785,1645,1638
768,1638,799
797,1635,1636
1635,1637,1636
1636,1637,1662
799,1638,1639
1638,1640,1639
1638,1641,1640
1638,1643,1641
1636,1676,1645
1638,1677,1643
1638,1645,1677
1636,1662,1676
1643,1677,1678
1662,1664,1676
1645,1676,1677
1664,1919,1676
1677,1679,1678
1677,1924,1679
1676,1945,1677
1825,2867,1965
1676,1919,1927
1919,1922,1927
1922,1926,1927
1926,1928,1927
1676,1927,1945
1677,1945,1924
1924,1945,1932
1932,1945,1933
1929,1933,1945
1929,1945,1930
1824,1965,1925
1925,1965,1928
1927,1928,1965
1824,1825,1965
1966,1972,1967
1930,1972,1966
1927,1965,1945
1930,1945,1972
1945,1965,1972
2679,2687,2684
2684,2687,2685
2685,2687,2686
2686,2687,2693
363,2768,2687
2689,2690,2691
2690,2695,2691
363,2691,2768
2687,2721,2693
2691,2695,2768
2695,2696,2768
2696,2698,2768
2687,2768,2869
2687,2869,2721
2698,2871,2768
2721,2869,2722
2722,2869,2723
2768,2888,2869
2768,2871,2888
2723,2869,2866
2871,2872,2888
2872,2873,2888
2873,2877,2888
2868,2888,2877
1965,2867,2866
1965,2866,2869
1965,2869,2888
1967,1972,2868
1972,2888,2868
1965,2888,1972
14,760,769
13,14,39
13,15,17
13,46,15
13,760,14
13,17,761
13,761,760
14,773,772
14,20,21
14,21,52
14,772,20
13,39,46
39,47,46
14,50,39
14,53,50
39,48,47
39,49,48
39,63,49
50,53,55
50,55,73
14,52,53
39,50,71
39,70,63
50,73,74
50,74,71
39,71,70
63,70,69
69,70,76
71,74,79
71,79,80
70,2689,76
70,71,2688
71,80,2699
70,2688,2697
71,2699,2688
760,761,763
760,763,766
760,766,786
760,786,769
766,767,786
767,768,786
769,770,779
769,771,770
14,769,773
769,779,773
768,799,786
769,786,1644
769,1644,771
771,1644,800
786,799,1639
786,1639,1640
786,1640,1642
786,1642,1646
786,1646,1644
1640,1641,1642
1641,1643,1642
800,1644,1648
1644,1650,1648
1644,1651,1650
1642,1643,1685
1642,1685,1646
1644,1646,1686
1644,1686,1651
1651,1686,1654
1643,1678,1685
1654,1686,1680
1646,1685,1686
1678,1679,1685
1680,1686,1681
1679,1924,1685
1685,1946,1686
1685,1924,1932
1681,1686,1937
1681,1937,1935
1685,1932,1934
1685,1934,1946
1686,1946,1937
1932,1933,1934
1929,1934,1933
1935,1937,1936
1936,1937,1939
1937,1940,1939
1937,1941,1940
1929,1930,1977
1966,1967,1977
1930,1966,1977
1941,1978,1968
1968,1978,1969
1929,1977,1934
1934,1977,1946
1937,1978,1941
1937,1946,1978
1946,1977,1978
70,2690,2689
70,2697,2690
80,2681,2699
2690,2697,2695
2695,2697,2696
2696,2697,2698
2681,2700,2699
2699,2700,2701
2699,2701,2702
2688,2769,2697
2688,2699,2769
2699,2702,2704
2699,2704,2706
2697,2874,2698
2699,2706,2875
2697,2769,2874
2699,2876,2769
2698,2874,2871
2699,2875,2876
2871,2874,2872
2872,2874,2873
2873,2874,2877
2875,2879,2876
2876,2879,2878
2769,2890,2874
2769,2876,2890
2868,2877,2874
2876,2878,2880
1967,2868,2874
1969,2876,2880
1967,2874,1977
1969,1978,2876
1977,2874,2890
1978,2890,2876
1977,2890,1978
18,764,19
18,52,21
18,20,772
18,21,20
19,775,774
51,53,52
51,55,53
51,73,55
18,19,51
18,51,52
19,56,51
19,54,56
19,774,54
54,59,56
56,59,57
56,57,58
51,74,73
51,56,78
56,58,75
51,77,74
56,75,78
51,78,77
74,77,79
75,867,78
77,80,79
78,867,868
77,78,2692
764,779,770
764,770,798
764,798,780
18,772,764
764,772,773
19,764,780
764,773,779
19,780,778
19,777,775
19,778,777
778,780,782
780,781,782
780,802,781
770,771,798
771,800,798
780,798,1652
798,800,1648
780,1652,802
802,1652,1649
798,1648,1647
798,1647,1652
1649,1652,1653
1652,1655,1653
1647,1648,1650
1647,1650,1651
1652,1656,1655
1652,1657,1656
1647,1651,1654
1652,1684,1657
1647,1684,1652
1647,1654,1683
1654,1680,1683
1647,1683,1684
1657,1684,1682
1680,1681,1683
1682,1684,1923
1681,1935,1683
1684,1938,1923
1683,1947,1684
1683,1935,1936
1683,1936,1947
1684,1947,1938
1936,1939,1947
1939,1940,1947
1940,1941,1947
1938,1947,1942
1942,1947,1943
1943,1947,1975
1941,1968,1973
1971,1976,1974
1968,1969,1973
1970,1971,1974
1947,1976,1975
1941,1973,1947
1947,1974,1976
1947,1973,1974
77,2681,80
78,868,2707
77,2692,2700
77,2700,2681
78,2707,2692
868,2703,2707
2692,2701,2700
2692,2702,2701
2692,2705,2702
2703,2708,2707
2702,2705,2704
2704,2705,2706
2707,2708,2709
2692,2770,2705
2692,2707,2770
2707,2709,2770
2709,2713,2770
2713,2715,2770
2705,2875,2706
2705,2882,2875
2705,2770,2882
2715,2883,2770
2875,2882,2879
2770,2889,2882
2770,2883,2889
2878,2879,2882
2878,2882,2880
2883,2884,2889
2881,2889,2884
1969,2880,2882
1969,2882,1973
1973,2882,2889
1974,2889,2887
2881,2885,2889
2885,2887,2889
1970,1974,2887
1973,2889,1974
22,54,774
54,60,59
57,59,60
57,60,58
22,23,60
22,60,54
23,61,60
58,60,75
75,361,867
60,61,364
60,361,75
60,364,361
22,774,775
22,775,777
778,782,783
777,778,783
22,777,783
23,783,803
22,783,23
23,803,843
803,806,843
781,801,782
781,802,801
801,802,1649
782,801,783
783,801,803
803,809,806
803,808,809
801,1666,803
803,1666,808
808,1666,811
23,846,61
23,843,842
23,848,844
23,844,846
23,842,848
61,847,871
61,846,847
361,868,867
61,871,873
61,873,908
61,908,364
364,908,909
364,909,912
364,912,913
801,1649,1653
801,1653,1655
1655,1656,1670
1656,1657,1670
1657,1687,1670
801,1655,1670
801,1670,1666
811,1666,1667
1666,1669,1667
1666,1670,1688
1666,1672,1669
1666,1688,1672
1657,1682,1687
1682,1923,1687
1672,1688,1785
1670,1687,1688
1687,1923,1938
1687,1938,1942
1687,1942,1944
1687,1944,1962
1942,1943,1944
1943,1975,1944
1688,1786,1785
1688,1948,1786
1688,1955,1948
1688,1961,1955
1955,1961,1956
1956,1961,1992
1687,1962,1688
1688,1962,1961
1971,2932,1976
1970,2932,1971
1944,1975,2932
1975,1976,2932
1944,2932,1962
1961,1990,1992
1961,1991,1990
1961,2933,1991
2006,2007,2933
1991,2933,2007
1961,1962,2933
1962,2932,2933
361,2703,868
361,2711,2714
361,2708,2703
361,2714,2708
2708,2714,2709
361,364,2711
364,2737,2711
364,913,2737
913,2710,2737
2709,2714,2713
2713,2714,2715
2714,2886,2715
2714,2771,2886
2715,2886,2883
2710,2729,2737
2729,2731,2737
2731,2732,2737
2711,2771,2714
2711,2737,2771
2732,2893,2923
2732,2923,2737
2737,2923,2771
2883,2886,2884
2881,2884,2886
2881,2886,2885
2885,2886,2887
1970,2887,2886
2886,2931,2932
2893,2907,2923
2907,2908,2923
2894,2923,2908
2771,2931,2886
2771,2923,2931
2006,2923,2924
2894,2924,2923
2923,2933,2931
1970,2886,2932
2006,2933,2923
2931,2933,2932
804,843,806
804,807,845
804,806,809
804,810,807
804,809,810
808,810,809
807,991,983
807,992,991
808,811,810
807,810,1668
807,1668,992
845,870,847
847,870,871
845,872,870
804,842,843
804,845,842
844,848,845
845,847,846
844,845,846
842,845,848
845,858,862
845,859,858
845,927,859
845,862,872
872,857,877
872,862,857
870,873,871
870,872,911
870,908,873
870,910,908
870,911,910
872,877,885
872,885,911
908,910,909
909,910,912
910,913,912
910,2710,913
911,885,914
911,914,915
911,915,918
911,918,1091
807,927,845
807,928,927
807,983,928
810,811,1667
1668,1707,992
810,1667,1671
810,1671,1668
1667,1669,1671
1668,1709,1707
1668,1715,1709
1669,1672,1671
1671,1672,1785
1668,1671,1950
1668,1779,1715
1668,1950,1780
1668,1780,1779
1671,1785,1949
1950,1787,1780
1950,1798,1787
2011,1902,1901
2011,2909,1902
2006,2924,2010
1671,1949,1950
1785,1786,1949
1786,1948,1949
1948,1955,1949
1949,1955,1956
1950,1993,1957
1950,1957,1798
1993,1958,1957
1949,2014,1950
1949,1956,2014
1950,2014,1993
1956,1992,2014
1993,1981,1958
1993,1985,1981
1993,1986,1985
1993,2011,1986
1990,2014,1992
1990,1991,2014
1993,2014,2011
1991,2010,2014
2011,1901,1986
1991,2007,2010
2006,2010,2007
2010,2011,2014
910,911,2724
910,2724,2710
911,2730,2724
911,1091,2730
2710,2724,2729
2730,1091,2726
2730,2726,2744
2730,2744,2743
2724,2731,2729
2724,2732,2731
2724,2730,2767
2724,2767,2732
2730,2743,2745
2730,2745,2909
2732,2767,2893
2730,2909,2767
2909,2745,2892
2767,2907,2893
2909,2892,2900
2909,2900,2903
2909,2903,2901
2909,2901,2902
2767,2927,2907
2767,2909,2927
2907,2927,2908
2909,2902,1902
2894,2908,2927
2010,2924,2894
2010,2894,2927
2011,2927,2909
2010,2927,2011
929,991,813
813,991,992
813,992,1707
850,859,927
850,851,875
850,862,858
850,858,859
851,941,864
875,857,862
850,875,862
851,878,875
875,877,857
851,864,880
851,880,878
875,885,877
878,880,881
878,881,883
875,914,885
875,878,917
875,916,914
878,883,917
917,883,884
875,917,916
916,915,914
917,884,1087
916,918,915
929,851,850
929,850,927
929,927,928
984,940,851
929,984,851
929,928,983
929,983,991
984,986,940
851,940,941
929,813,984
984,987,986
984,989,988
984,988,987
984,993,989
984,1716,993
984,813,1716
917,1087,1089
916,1091,918
916,917,2728
917,1089,1108
916,2726,1091
916,2728,2726
917,1108,2746
813,1707,1709
813,1709,1782
1716,1710,993
813,1782,1716
1716,1711,1710
1716,1712,1711
1782,1709,1715
1716,1718,1712
1716,1719,1718
1782,1715,1779
1782,1779,1780
1716,1782,1952
1716,1794,1719
1782,1780,1951
1716,1952,1794
1951,1780,1787
1782,1951,1952
1952,1795,1794
1951,1787,1798
1952,1801,1795
2008,2902,2901
2905,1858,2009
2009,1897,1879
2009,1898,1897
2008,1901,1902
2009,1858,1898
2008,1902,2902
2926,2009,2008
1951,1798,1957
1951,1994,1952
1952,1979,1801
1951,1957,1958
1952,1982,1979
1951,1958,1994
1952,1994,1982
1982,1980,1979
1982,1984,1980
1994,1958,1981
1994,1981,1985
1994,1985,1986
1982,2009,1984
2009,1879,1984
1994,1986,2008
1982,1994,2009
2008,1986,1901
1994,2008,2009
917,2746,2728
2728,2744,2726
2746,1108,2738
2746,2738,2739
2746,2739,2740
2746,2740,2748
2728,2751,2744
2728,2746,2751
2751,2743,2744
2751,2745,2743
2746,2748,2905
2751,2892,2745
2746,2905,2751
2905,2748,2895
2751,2900,2892
2904,2900,2751
2905,2895,2896
2905,2896,2897
2904,2903,2900
2904,2751,2926
2905,2926,2751
2905,2897,1857
2905,1857,1858
2904,2901,2903
2904,2008,2901
2904,2926,2008
2905,2009,2926
860,861,879
861,863,879
860,879,864
863,865,879
879,880,864
879,881,880
865,882,879
879,883,881
879,884,883
879,882,886
879,886,887
879,919,884
879,887,920
879,920,919
860,930,861
861,930,931
860,940,986
861,931,943
930,932,931
930,987,988
930,990,932
860,987,930
860,986,987
860,941,940
861,943,942
860,864,941
861,942,863
930,988,989
930,994,990
814,989,993
814,930,989
814,994,930
814,995,994
814,993,1710
814,1708,995
919,1087,884
887,1088,920
919,1089,1087
920,1088,1090
920,1090,1092
919,920,2727
919,1108,1089
920,1093,2727
920,1092,1093
919,2727,1108
814,1710,1711
814,1713,1708
814,1711,1781
814,1781,1713
1781,1711,1712
1781,1712,1718
1713,1781,1714
1714,1781,1783
1781,1784,1783
1799,1718,1719
1781,1718,1799
1781,1800,1784
1799,1719,1794
1784,1800,1796
1781,1799,1800
1799,1794,1795
1796,1800,1797
1799,1795,1801
1797,1800,1802
1903,1898,1858
1859,1904,1860
1903,1858,2925
1860,1904,2925
1903,1897,1898
1903,1879,1897
1880,1904,1900
1899,1900,1904
1859,1899,1904
1903,2925,1904
1799,1988,1800
1799,1801,1988
1800,1988,1802
1802,1988,1803
1988,1801,1979
1988,1979,1980
1803,1988,1983
1988,1984,1879
1988,1980,1984
1880,1987,1988
1983,1988,1987
1903,1988,1879
1880,1988,1904
1903,1904,1988
2727,2738,1108
2727,2739,2738
1093,2741,2727
2727,2740,2739
2727,2741,2742
2750,2748,2740
2727,2750,2740
2727,2742,2750
2742,2749,2750
2750,2895,2748
2749,2891,2750
2750,2896,2895
2750,2891,2898
2750,2925,2896
2750,2898,2925
2925,2897,2896
2925,1857,2897
2898,2899,2925
1860,2925,2899
2925,1858,1857
805,985,812
812,985,1717
805,812,996
812,1738,996
805,852,849
849,852,874
849,874,876
849,942,943
849,863,942
849,876,863
863,876,865
852,889,874
852,944,945
852,945,866
852,892,889
852,866,892
874,921,876
865,876,882
876,886,882
876,887,886
876,921,887
874,889,926
889,892,891
889,891,901
889,901,926
901,902,926
874,926,921
887,921,1088
921,1090,1088
921,926,2725
902,1096,926
926,1096,1097
805,849,985
849,931,985
849,943,931
931,932,985
932,990,985
805,996,852
852,996,944
935,944,996
935,996,936
985,990,994
985,994,995
985,995,1708
996,998,997
996,999,998
936,996,997
996,1728,999
921,1092,1090
921,2747,1092
926,1097,2735
812,1717,1673
812,1673,1738
985,1708,1717
1708,1713,1717
1713,1714,1717
1714,1783,1717
1717,1783,1784
996,1738,1728
1728,1738,1729
1729,1738,1730
1730,1738,1739
1738,1740,1739
1673,1717,1953
1717,1784,1953
1784,1796,1953
1673,1953,1954
1738,1811,1740
1673,1954,1738
1738,1954,1811
1796,1797,1953
1797,1802,1953
1811,1954,1812
1859,2906,2012
1880,1900,2012
1899,2012,1900
1859,2012,1899
2012,2928,2013
2013,2922,2921
1909,2005,2013
1909,2013,1910
1910,2013,2921
1953,1995,1954
1802,1989,1953
1802,1803,1989
1953,1989,1995
1812,1954,1959
1954,1960,1959
1954,2002,1960
1954,1995,2002
1803,1983,1989
1880,1989,1987
1983,1987,1989
1880,2012,1989
1989,2012,1995
1960,2002,1996
1996,2002,2001
2001,2002,2013
2001,2013,2005
1995,2013,2002
1995,2012,2013
921,2725,2747
1092,2747,1093
926,2763,2725
926,2735,2763
2735,2736,2763
2736,2753,2763
1093,2747,2741
2741,2747,2742
2742,2747,2749
2725,2752,2747
2747,2891,2749
2747,2752,2906
2753,2754,2763
2754,2755,2763
2725,2763,2752
2755,2910,2763
2752,2763,2922
2747,2906,2891
2891,2906,2898
2898,2906,2899
1860,2899,2906
1859,1860,2906
2752,2928,2906
2763,2910,2922
2910,2911,2922
2911,2912,2922
2912,2920,2922
2920,2921,2922
2752,2922,2928
2012,2906,2928
2013,2928,2922
815,933,998
815,1003,933
853,854,888
853,945,944
854,947,946
853,866,945
854,946,893
853,888,866
854,893,894
854,894,888
866,888,892
888,891,892
888,901,891
888,894,895
888,895,897
888,897,896
896,897,898
896,898,899
896,899,903
888,902,901
888,896,923
888,922,902
896,903,923
888,923,922
903,1094,923
902,922,1096
922,1097,1096
923,1094,1095
853,936,933
854,933,1003
853,933,854
853,944,935
854,1003,947
853,935,936
933,936,997
933,997,998
947,1003,1001
1001,1003,1002
1002,1003,1005
1003,1004,1005
1003,1006,1004
815,998,999
1003,1733,1006
815,1733,1003
815,999,1728
922,923,2734
922,2735,1097
923,1095,2756
922,2734,2735
923,2761,2734
923,2756,2757
923,2757,2761
815,1729,1788
815,1788,1733
1006,1733,1731
815,1728,1729
1731,1733,1735
1733,1734,1735
1733,1736,1734
1733,1737,1736
1729,1730,1788
1730,1739,1788
1733,1813,1737
1733,1788,1791
1739,1790,1788
1739,1740,1790
1733,1791,1813
1788,1790,1791
1740,1811,1790
1791,1814,1813
1790,1811,1812
1790,1812,1959
1791,1817,1814
1892,1999,1912
1912,2919,2917
1912,2917,2918
1907,1912,2918
1912,2930,2919
1911,2921,2930
1907,1908,1912
1909,1911,2005
1892,1912,1908
1909,1910,1911
1910,2921,1911
1911,2930,1912
1790,2003,1791
1790,1959,2003
1791,2000,1817
1791,2003,2000
1959,1960,2003
1960,1996,2003
1817,2000,1997
1997,2000,1998
1998,2000,1999
1996,2001,2003
2001,2005,2003
1912,2000,2003
1911,2003,2005
1912,1999,2000
1911,1912,2003
2734,2736,2735
2734,2753,2736
2734,2754,2753
2757,2758,2761
2758,2759,2761
2759,2762,2761
2734,2765,2754
2734,2761,2765
2754,2765,2755
2761,2762,2919
2761,2919,2765
2755,2765,2910
2762,2914,2919
2765,2911,2910
2916,2917,2919
2913,2916,2919
2913,2919,2914
2765,2930,2911
2765,2919,2930
2911,2930,2912
2912,2930,2920
2920,2930,2921
855,856,890
855,946,947
855,893,946
855,890,893
856,900,890
890,894,893
890,895,894
890,897,895
890,898,897
890,899,898
890,903,899
890,924,903
890,900,925
890,925,924
903,924,1094
924,1095,1094
855,1000,934
856,934,1007
855,934,856
855,947,1000
856,1007,956
947,1001,1000
956,1007,1025
856,956,900
900,956,1052
956,958,959
956,960,958
956,959,968
956,1025,960
956,968,1052
1000,1001,1002
1000,1002,1005
1000,1005,1004
816,934,1000
816,1007,934
816,1000,1004
816,1004,1006
1007,1026,1025
1007,1019,1017
1007,1017,1026
816,1006,1731
816,1732,1007
1007,1732,1022
1007,1022,1019
1019,1022,1023
1022,1722,1023
900,1051,1053
900,1052,1051
900,1053,1059
900,1059,925
1053,1060,1059
1059,1060,1062
1059,1063,1064
1059,1062,1063
1059,1064,1109
925,1059,2760
924,925,2733
924,2756,1095
924,2733,2756
925,2760,2733
1059,1109,2760
1109,1110,2760
1110,1120,2760
1120,1136,2760
1120,1127,1136
1127,1134,1136
1134,1864,1136
1136,2915,2760
1022,1732,1722
1722,1732,1723
1723,1732,1745
1732,1746,1745
816,1731,1789
816,1789,1732
1731,1735,1789
1734,1789,1735
1734,1736,1789
1732,1804,1746
1746,1804,1753
1754,1804,1755
1753,1804,1754
1755,1804,1765
1736,1737,1792
1736,1792,1789
1732,1789,1793
1732,1793,1804
1737,1813,1792
1789,1792,1793
1765,1804,1881
1792,1813,1814
1792,1814,1817
1793,1891,1804
1835,1888,1863
1835,1837,1888
1834,1888,1836
1836,1888,1837
1136,1864,1861
1136,1861,2915
1861,1862,2915
1862,1863,2915
1863,1888,2915
1804,1888,1881
1804,1891,1888
1834,1881,1888
1888,1891,1914
1892,1908,1913
1888,1914,2915
1914,2929,2915
1907,2918,1913
1913,2918,2929
1907,1913,1908
1913,2929,1914
1792,2004,1793
1792,1817,2004
1793,2004,1891
1817,1997,2004
1997,1998,2004
1998,1999,2004
1892,2004,1999
1891,2004,1914
1892,1913,2004
1913,1914,2004
2733,2757,2756
2733,2758,2757
2733,2759,2758
2733,2766,2759
2733,2760,2766
2759,2766,2762
2762,2766,2914
2760,2915,2766
2766,2929,2914
2766,2915,2929
2916,2929,2917
2913,2914,2929
2913,2929,2916
2917,2929,2918
957,968,959
957,959,958
957,958,960
957,965,962
957,962,963
957,963,964
960,1025,1027
957,960,1027
957,1027,965
1027,966,965
957,1048,968
957,964,1048
1048,964,969
968,1048,1052
1048,969,1054
1017,1021,1027
1021,1018,1027
1017,1019,1021
1021,1020,1018
1019,1023,1021
1021,1024,1020
1021,1023,1722
1021,1747,1024
1021,1722,1723
1027,1030,966
1025,1026,1027
1017,1027,1026
1027,1018,1030
1048,1051,1052
1048,1053,1051
1048,1054,1065
1048,1060,1053
1060,1061,1062
1061,1063,1062
1048,1065,1068
1048,1068,1069
1048,1061,1060
1048,1070,1061
1048,1069,1071
1048,1071,1070
1070,1071,1072
1070,1072,1073
1061,1070,1112
1061,1112,1063
1063,1112,1064
1070,1073,1112
1064,1112,1109
1112,1073,1113
1109,1112,1110
1112,1113,1126
1110,1112,1120
1112,1135,1120
1112,1126,1135
1120,1135,1127
1135,1126,1128
1127,1135,1134
1135,1128,1133
1134,1135,1864
1135,1133,1865
1021,1723,1756
1021,1756,1747
1723,1745,1756
1756,1750,1747
1745,1746,1756
1756,1759,1750
1746,1753,1756
1756,1760,1759
1753,1754,1756
1754,1764,1756
1756,1764,1760
1754,1755,1764
1764,1762,1761
1764,1761,1760
1764,1763,1762
1764,1778,1763
1764,1882,1778
1755,1883,1764
1755,1765,1883
1765,1881,1883
1764,1883,1882
1856,1850,1882
1856,1874,1852
1835,1874,1856
1856,1853,1854
1856,1851,1850
1856,1855,1851
1836,1837,1856
1834,1836,1856
1835,1856,1837
1856,1854,1855
1856,1852,1853
1135,1874,1864
1135,1865,1874
1874,1865,1866
1861,1874,1862
1862,1874,1863
1861,1864,1874
1874,1866,1852
1835,1863,1874
1834,1883,1881
1856,1882,1883
1834,1856,1883
904,948,949
904,905,948
904,949,907
904,1098,905
904,907,1099
904,1099,1098
937,949,948
937,948,1008
937,1009,949
1009,939,949
1008,948,961
949,953,955
949,952,953
949,939,952
949,954,907
948,905,961
949,955,954
961,905,969
905,1054,969
961,965,966
961,962,965
961,963,962
961,964,963
961,966,1030
961,969,964
937,1008,1015
937,1015,1009
1009,1010,939
1009,1011,1010
1009,1012,1011
1009,1014,1012
1008,961,1030
1008,1030,1018
1008,1018,1020
1009,1721,1014
1008,1720,1015
1009,1015,1721
1008,1020,1024
1008,1024,1720
907,954,1044
907,1044,1046
907,1046,1047
905,1065,1054
907,1047,1099
905,1098,1067
1099,1047,1049
905,1067,1065
1067,1068,1065
1067,1069,1068
1098,1099,1105
1099,1049,1050
1099,1050,1102
1098,1117,1067
1099,1103,1118
1099,1102,1103
1067,1117,1069
1117,1071,1069
1117,1072,1071
1117,1073,1072
1098,1105,1117
1099,1118,1105
1117,1113,1073
1117,1126,1113
1117,1128,1126
1118,1103,1114
1118,1114,1115
1118,1115,1119
1105,2764,1117
1105,1118,2764
1117,1133,1128
1118,1119,1870
1117,1872,1133
1117,2764,1872
1118,1873,2764
1118,1870,1873
1015,1720,1741
1015,1741,1721
1721,1724,1014
1720,1024,1747
1721,1725,1724
1721,1727,1725
1721,1742,1727
1720,1747,1750
1721,1743,1742
1720,1750,1759
1720,1815,1741
1721,1741,1816
1721,1816,1743
1720,1759,1815
1741,1815,1816
1816,1805,1743
1815,1760,1761
1815,1759,1760
1815,1762,1763
1815,1761,1762
1816,1806,1805
1816,1809,1806
1893,1763,1778
1893,1778,1882
1815,1763,1893
1816,1810,1809
1815,1896,1816
1816,1894,1810
1815,1893,1896
1816,1896,1894
1872,1865,1133
1872,1866,1865
1873,1870,1868
1873,1871,1875
1873,1868,1871
2764,1878,1872
2764,1873,1878
1872,1853,1852
1872,1852,1866
1872,1915,1853
1873,1875,1916
1916,1875,1876
1872,1878,1915
1873,1916,1878
1893,1882,1850
1894,1887,1886
1893,1850,1851
1893,1851,1855
1915,1854,1853
1915,1855,1854
1893,1855,1915
1916,1889,1887
1894,1884,1810
1894,1886,1884
1893,1915,1896
1894,1896,1916
1894,1916,1887
1896,1915,1916
1916,1876,1890
1916,1890,1889
1878,1916,1915
938,951,950
938,950,1010
938,1013,951
950,939,1010
938,1010,1011
906,950,951
950,955,953
950,953,952
906,955,950
906,951,1045
906,954,955
951,971,1045
950,952,939
951,1013,971
971,1013,979
971,982,1045
1045,982,1056
971,977,976
971,976,975
971,975,982
971,979,978
971,978,977
938,1012,1016
938,1016,1013
1016,1012,1014
938,1011,1012
1013,1033,1032
1013,1039,1033
1016,1014,1724
1013,1016,1726
1013,1726,1039
1726,1041,1039
1013,1032,979
906,1044,954
906,1046,1044
906,1047,1046
906,1045,1101
906,1100,1047
906,1101,1100
1100,1049,1047
1045,1078,1101
1100,1050,1049
1045,1056,1074
1045,1074,1078
1078,1074,1075
1078,1082,1083
1078,1075,1082
1078,1083,1084
1078,1084,1085
1078,1085,1116
1100,1101,1104
1100,1102,1050
1078,1116,1101
1100,1104,1102
1101,1116,1104
1104,1103,1102
1104,1114,1103
1116,1085,1107
1116,1107,1121
1116,1121,1129
1104,1115,1114
1104,1137,1115
1104,1116,1137
1137,1119,1115
1869,1129,1130
1116,1129,1869
1137,1870,1119
1116,1869,1137
1016,1724,1725
1016,1725,1744
1016,1744,1726
1726,1042,1041
1726,1748,1042
1744,1725,1727
1744,1727,1742
1726,1744,1808
1807,1742,1743
1744,1742,1807
1726,1757,1748
1726,1775,1757
1726,1808,1775
1775,1766,1757
1775,1767,1766
1775,1768,1767
1775,1773,1768
1775,1777,1773
1775,1885,1777
1744,1807,1808
1807,1743,1805
1807,1805,1806
1807,1806,1809
1807,1895,1808
1775,1808,1885
1807,1809,1895
1808,1895,1885
1895,1809,1810
1885,1831,1777
1885,1829,1831
1848,1829,1885
1848,1828,1843
1848,1839,1829
1848,1843,1841
1848,1841,1842
1848,1842,1839
1869,1130,1131
1869,1131,1826
1869,1826,1828
1137,1868,1870
1137,1877,1868
1137,1869,1877
1877,1871,1868
1848,1869,1828
1848,1906,1869
1869,1906,1877
1877,1905,1876
1877,1875,1871
1877,1876,1875
1895,1886,1887
1885,1895,1906
1848,1885,1906
1905,1889,1890
1895,1887,1905
1895,1905,1906
1905,1887,1889
1895,1810,1884
1895,1884,1886
1905,1890,1876
1877,1906,1905
972,978,1028
972,1028,981
1028,978,979
1055,972,974
1055,975,972
1055,982,975
1055,974,970
1055,1056,982
972,980,973
972,973,974
972,977,978
972,975,976
972,976,977
972,981,980
1028,1031,1029
1028,1029,981
1028,979,1032
1028,1032,1033
1028,1034,1031
1028,1033,1036
1028,1036,1034
1036,1035,1034
1036,1033,1039
1036,1038,1035
1036,1040,1038
1036,1039,1041
1036,1041,1042
1036,1043,1040
1055,970,1057
1055,1057,1058
1055,1074,1056
1055,1058,1076
1055,1075,1074
1055,1077,1075
1055,1079,1077
1055,1076,1079
1077,1079,1080
1077,1082,1075
1077,1083,1082
1077,1080,1111
1077,1111,1083
1111,1084,1083
1111,1080,1081
1111,1085,1084
1111,1081,1086
1111,1107,1085
1111,1086,1106
1111,1121,1107
1111,1106,1122
1111,1125,1121
1111,1122,1125
1125,1122,1123
1125,1129,1121
1125,1123,1124
1125,1130,1129
1125,1131,1130
1125,1124,1132
1036,1042,1751
1036,1751,1043
1751,1042,1748
1751,1749,1043
1751,1752,1749
1751,1748,1757
1751,1769,1752
1751,1757,1766
1751,1766,1767
1751,1767,1771
1751,1771,1770
1751,1770,1769
1771,1767,1768
1771,1772,1770
1771,1774,1772
1771,1776,1774
1833,1771,1768
1833,1768,1773
1833,1776,1771
1833,1773,1777
1833,1832,1776
1867,1828,1826
1867,1827,1838
1867,1843,1828
1833,1839,1845
1833,1777,1831
1833,1831,1829
1833,1830,1832
1833,1829,1839
1833,1845,1830
1845,1840,1830
1845,1839,1842
1845,1842,1841
1845,1841,1843
1845,1847,1846
1845,1846,1840
1845,1844,1847
1867,1838,1844
1867,1845,1843
1867,1844,1845
1125,1867,1131
1125,1132,1867
1867,1826,1131
1867,1132,1827
967,1444,970
967,1029,1368
967,981,1029
967,980,981
967,973,980
967,974,973
967,970,974
1368,1031,1034
1368,1034,1035
1037,1368,1035
1037,1040,2036
1368,1029,1031
1037,1035,1038
1037,1038,1040
1444,1057,970
1444,1058,1057
1066,1058,1444
1066,1076,1058
1066,1079,1076
1066,1081,1080
1066,1080,1079
1066,1086,1081
1066,1574,1086
1574,1106,1086
1574,1122,1106
1574,1123,1122
1574,1124,1123
1208,1300,1301
1208,1444,1300
1208,1301,1446
1208,1517,1444
1208,1446,1518
1208,1518,1517
1257,1301,1300
1257,1300,1368
1257,1369,1301
1301,1369,1305
1369,1370,1305
1301,1304,1315
1301,1305,1304
1301,1315,1445
1301,1445,1446
967,1300,1444
967,1368,1300
1257,1368,1394
1257,1394,1369
1369,1372,1370
1369,1373,1372
1369,1375,1374
1369,1374,1373
1368,2036,1394
1369,1394,2040
1369,2040,1375
1037,2036,1368
2040,2038,1375
1446,1445,1447
1446,1447,1448
1446,1448,1449
1446,1449,1518
1518,1449,1469
1066,1444,1517
1518,1469,1470
1517,1518,1523
1518,1470,1575
1066,1517,1574
1517,1523,1574
1518,1579,1523
1518,1575,1576
1518,1576,1579
1579,1577,1578
1579,1576,1577
1579,1578,1580
1523,1594,1574
1523,1579,1594
1574,2273,1124
1579,1580,2277
1574,1594,2273
1579,2277,1594
2277,1580,2275
2036,1040,1043
2036,1043,1749
2036,1749,1752
1758,2036,1752
1758,1752,1769
1758,1769,1770
1758,1770,1772
1758,1772,1774
1758,1774,1776
1758,1776,2321
2321,1776,1832
2321,1832,1830
1849,2321,1830
1849,1830,1840
1849,1844,1838
1849,1840,1846
1849,1846,1847
1849,1847,1844
1849,1838,2273
2273,1132,1124
2273,1827,1132
2273,1838,1827
1394,2036,2049
1394,2049,2040
2040,2037,2039
2040,2039,2038
2040,2041,2037
2040,2042,2041
2040,2147,2042
2036,2149,2049
2040,2049,2151
2040,2151,2147
1758,2149,2036
2049,2149,2151
2151,2148,2147
2151,2159,2148
2149,2339,2151
1758,2321,2149
2151,2322,2159
2149,2321,2339
2151,2339,2322
2277,2274,2276
2277,2275,2274
2277,2276,2269
1594,2289,2273
1594,2277,2289
2277,2269,2357
2357,2269,2270
1849,2273,2356
2357,2270,2330
2273,2289,2356
2277,2357,2289
2322,2317,2159
2322,2318,2317
2322,2319,2318
2322,2357,2319
2357,2320,2319
2321,2356,2339
2322,2339,2357
1849,2356,2321
2357,2331,2320
2357,2330,2331
2339,2356,2357
2289,2357,2356
1209,1315,1302
1209,1303,1450
1209,1445,1315
1209,1447,1445
1209,1448,1447
1209,1449,1448
1209,1463,1449
1209,1450,1464
1269,1303,1302
1269,1302,1371
1269,1376,1303
1376,1331,1303
1371,1302,1372
1302,1370,1372
1376,1332,1331
1209,1302,1303
1302,1315,1304
1302,1304,1305
1303,1327,1328
1303,1328,1316
1303,1316,1450
1450,1316,1317
1450,1317,1453
1302,1305,1370
1303,1331,1327
1269,1371,1395
1269,1395,1376
1371,1374,1395
1395,1374,1375
1371,1372,1373
1371,1373,1374
1376,1377,1332
1376,1386,1377
1376,1388,1386
1376,1401,1388
1395,1375,2038
1376,1395,2043
1376,2043,1401
1450,1461,1464
1450,1453,1460
1450,1460,1461
1209,1464,1463
1463,1469,1449
1464,1461,1476
1463,1470,1469
1464,1476,1477
1464,1477,1484
1464,1484,1485
1463,1464,1522
1463,1575,1470
1464,1485,1581
1463,1522,1575
1464,1581,1522
1522,1576,1575
1522,1577,1576
1522,1578,1577
1581,1485,1560
1581,1560,1567
1581,1567,1569
1522,1595,1578
1522,1581,1595
1595,1580,1578
1581,1569,2278
2278,1569,1586
1595,2275,1580
1581,2278,1595
1395,2038,2052
1395,2052,2043
2043,2026,1401
2043,2031,2026
2052,2038,2039
2052,2039,2037
2052,2037,2041
2043,2077,2031
2043,2079,2077
2043,2052,2152
2150,2041,2042
2043,2152,2079
2052,2041,2150
2150,2042,2147
2152,2087,2079
2152,2088,2087
2152,2106,2088
2052,2150,2152
2150,2147,2148
2150,2148,2159
2150,2338,2152
2152,2323,2106
2323,2107,2106
2323,2202,2107
2150,2159,2338
2338,2159,2317
2152,2338,2323
2333,2221,2210
2333,2217,2218
2333,2218,2222
2333,2222,2221
2278,1586,2258
2278,2258,2264
2278,2264,2217
1595,2288,2275
1595,2278,2288
2288,2274,2275
2288,2276,2274
2288,2269,2276
2288,2270,2269
2278,2217,2333
2278,2333,2288
2332,2330,2270
2288,2332,2270
2323,2209,2202
2323,2210,2209
2323,2333,2210
2338,2317,2318
2338,2318,2319
2338,2319,2320
2338,2320,2332
2323,2338,2333
2332,2320,2331
2332,2331,2330
2338,2332,2333
2288,2333,2332
1306,1316,1328
1306,1451,1316
1306,1307,1451
1451,1317,1316
1307,1457,1451
1451,1453,1317
1307,1318,1457
1270,1307,1306
1306,1328,1327
1307,1330,1329
1306,1327,1331
1270,1306,1332
1270,1379,1307
1306,1331,1332
1307,1379,1330
1307,1329,1318
1270,1377,1386
1270,1332,1377
1379,1382,1383
1379,1381,1382
1379,1385,1381
1379,1384,1385
1270,1386,1398
1270,1398,1379
1398,1386,1388
1379,2032,1384
1398,1388,1401
1379,1398,2032
2032,2028,1384
1398,1401,2026
1379,1383,1330
1451,1457,1456
1451,1456,1455
1451,1455,1458
1451,1460,1453
1451,1461,1460
1451,1458,1472
1451,1471,1461
1472,1458,1459
1451,1472,1471
1471,1476,1461
1472,1459,1480
1471,1477,1476
1472,1480,1481
1471,1472,1519
1471,1484,1477
1471,1519,1484
1472,1481,1565
1472,1565,1519
1519,1485,1484
1519,1560,1485
1565,1481,1562
1519,1567,1560
1565,1562,1561
1565,1561,1563
1565,1563,1564
1565,1564,1566
1519,1583,1567
1519,1565,1583
1583,1569,1567
1565,1566,2265
1583,1586,1569
1565,2265,1583
2265,1566,2262
1583,2258,1586
1398,2026,2044
1398,2044,2032
2032,2030,2029
2032,2029,2028
2032,2033,2030
2044,2026,2031
2032,2035,2033
2044,2031,2077
2032,2082,2035
2032,2044,2091
2044,2077,2090
2090,2077,2079
2032,2091,2082
2044,2090,2091
2090,2079,2087
2091,2083,2082
2090,2087,2088
2090,2088,2106
2091,2108,2083
2090,2316,2091
2090,2106,2316
2316,2106,2107
2091,2206,2108
2091,2316,2206
2206,2203,2108
2316,2107,2202
2265,2263,2214
2206,2204,2203
2206,2205,2204
2206,2207,2205
2316,2209,2210
2206,2228,2207
2206,2316,2228
2227,2316,2210
2228,2214,2215
2228,2265,2214
2227,2218,2267
2227,2222,2218
2227,2267,2228
2228,2215,2207
2227,2210,2221
2227,2221,2222
2227,2228,2316
2265,2262,2261
2265,2261,2260
2267,2264,2258
2265,2266,2263
2265,2260,2266
1583,2267,2258
1583,2265,2267
2228,2267,2265
2267,2217,2264
2267,2218,2217
2316,2202,2209
1309,1325,1310
1308,1309,1452
1309,1310,1452
1452,1310,1311
1308,1452,1318
1452,1311,1454
1308,1271,1309
1271,1323,1326
1309,1271,1326
1309,1324,1325
1309,1326,1324
1308,1329,1330
1308,1380,1271
1308,1330,1380
1271,1378,1323
1308,1318,1329
1271,1387,1378
1380,1383,1382
1380,1382,1381
1380,1381,1385
1271,1380,1399
1271,1399,1387
1380,1385,1399
1399,1385,1384
1399,1389,1387
1399,1400,1389
1399,1384,2028
1399,2027,1400
1380,1330,1383
1452,1456,1457
1452,1455,1456
1452,1458,1455
1452,1457,1318
1452,1459,1458
1452,1454,1465
1452,1467,1459
1452,1465,1466
1452,1466,1468
1452,1468,1467
1468,1466,1478
1467,1480,1459
1468,1478,1479
1468,1479,1482
1467,1481,1480
1468,1482,1483
1467,1468,1520
1468,1483,1520
1467,1562,1481
1467,1520,1562
1520,1483,1571
1520,1561,1562
1520,1563,1561
1520,1564,1563
1520,1571,1568
1584,1566,1564
1520,1584,1564
1520,1568,1584
1584,1568,1570
1584,2262,1566
1584,1570,1585
1584,1585,2259
1399,2045,2027
1399,2028,2045
2045,2034,2027
2045,2028,2029
2045,2029,2030
2045,2030,2033
2045,2080,2034
2085,2033,2035
2045,2033,2085
2045,2081,2080
2085,2035,2082
2045,2086,2081
2045,2085,2086
2086,2084,2081
2085,2082,2083
2086,2089,2084
2086,2105,2089
2085,2083,2108
2085,2315,2086
2086,2315,2105
2315,2104,2105
2085,2108,2315
2315,2213,2104
2315,2108,2203
2315,2203,2204
2315,2204,2205
2315,2205,2207
2315,2208,2213
2315,2207,2225
2315,2220,2208
2315,2226,2220
2315,2225,2226
2225,2215,2214
2225,2214,2263
2268,2219,2226
2226,2219,2216
2226,2216,2224
2268,2226,2225
2225,2207,2215
2226,2224,2223
2226,2223,2220
2268,2261,2262
2268,2260,2261
2268,2263,2266
2268,2266,2260
2268,2259,2271
1584,2268,2262
1584,2259,2268
2268,2271,2219
2268,2225,2263
1157,1158,1210
1158,1312,1163
1210,1162,1213
1158,1163,1162
1157,1210,1212
1158,1162,1210
1210,1213,1214
1210,1214,1215
1210,1230,1212
1210,1215,1231
1231,1215,1216
1210,1231,1230
1231,1216,1473
1157,1258,1158
1157,1260,1258
1158,1258,1263
1158,1262,1313
1263,1266,1264
1263,1264,1265
1158,1263,1265
1158,1265,1262
1157,1323,1260
1260,1323,1378
1158,1313,1312
1157,1325,1324
1157,1324,1326
1157,1326,1323
1157,1310,1325
1157,1311,1310
1157,1212,1311
1212,1454,1311
1258,1260,1397
1258,1397,1263
1263,2023,1266
1260,1378,1387
1260,1387,1389
1260,1389,1400
1260,2016,1397
1263,1397,2023
2023,2020,1266
1260,1400,2016
1212,1465,1454
1212,1230,1465
1231,1473,1474
1230,1466,1465
1230,1478,1466
1230,1479,1478
1230,1482,1479
1230,1231,1524
1231,1474,1531
1230,1524,1530
1231,1531,1524
1230,1530,1482
1531,1474,1526
1530,1483,1482
1530,1571,1483
1531,1528,1527
1531,1526,1528
1531,1527,1529
1531,1529,1582
1530,1568,1571
1530,1570,1568
1530,1585,1570
1524,2802,1530
1524,1531,2802
1531,1582,2286
1530,2285,1585
1530,2802,2285
1531,2286,2802
2286,1582,2280
1397,2016,2050
1397,2050,2023
2023,2021,2020
2023,2019,2021
2023,2018,2019
2023,2022,2018
2023,2024,2022
2016,1400,2027
2016,2027,2034
2016,2034,2080
2023,2157,2024
2016,2080,2155
2016,2155,2050
2023,2050,2157
2157,2153,2024
2155,2080,2081
2155,2081,2084
2155,2084,2089
2155,2089,2105
2050,2155,2157
2157,2154,2153
2155,2105,2104
2157,2160,2154
2155,2340,2157
2155,2104,2325
2325,2104,2213
2157,2328,2160
2328,2161,2160
2155,2325,2340
2157,2340,2328
2358,2220,2223
2358,2224,2216
2358,2223,2224
2285,2259,1585
2285,2271,2259
2285,2219,2271
2285,2216,2219
2285,2802,2290
2286,2290,2802
2286,2280,2279
2286,2279,2282
2286,2282,2284
2286,2284,2283
2285,2358,2216
2286,2283,2334
2286,2334,2359
2285,2290,2358
2286,2359,2290
2325,2213,2208
2328,2327,2161
2328,2326,2327
2328,2324,2326
2328,2359,2324
2358,2208,2220
2325,2208,2358
2359,2334,2335
2359,2335,2324
2340,2358,2359
2325,2358,2340
2328,2340,2359
2290,2359,2358
1211,1159,1160
1159,1163,1312
1211,1162,1163
1211,1213,1162
1211,1163,1159
1211,1160,1217
1211,1214,1213
1211,1215,1214
1211,1216,1215
1211,1218,1216
1211,1217,1219
1211,1219,1218
1218,1473,1216
1259,1160,1159
1259,1159,1261
1259,1268,1160
1261,1159,1313
1268,1333,1160
1261,1262,1265
1261,1265,1264
1261,1264,1266
1261,1313,1262
1268,1391,1334
1159,1312,1313
1217,1160,1337
1160,1333,1340
1160,1340,1337
1217,1337,1338
1217,1338,1339
1217,1339,1321
1268,1334,1333
1259,1261,1396
1259,1396,1268
1261,1266,2020
1268,1392,1391
1268,1408,1403
1268,1403,1392
1261,2017,1396
1268,1396,2025
1261,2020,2017
1268,2025,1408
2025,1409,1408
1217,1321,1486
1217,1486,1488
1217,1489,1490
1217,1488,1489
1217,1490,1492
1217,1492,1219
1218,1474,1473
1492,1490,1491
1492,1491,1493
1492,1493,1558
1218,1219,1525
1218,1526,1474
1219,1492,1532
1218,1525,1526
1219,1532,1525
1492,1558,1532
1525,1528,1526
1525,1527,1528
1525,1529,1527
1532,1558,1572
1532,1572,1587
1532,1587,1591
1596,1582,1529
1525,1596,1529
1525,1532,1596
1532,1591,2287
2287,1591,1592
1596,2280,1582
1532,2287,1596
2017,2051,1396
1396,2051,2025
2017,2020,2021
2017,2021,2019
2017,2019,2051
2051,2019,2018
2051,2018,2022
2025,2046,1409
2025,2102,2046
2156,2022,2024
2025,2051,2158
2025,2158,2102
2051,2022,2156
2156,2024,2153
2102,2096,2046
2102,2093,2096
2102,2094,2093
2102,2095,2094
2102,2103,2095
2102,2109,2103
2102,2329,2109
2329,2111,2109
2051,2156,2158
2156,2153,2154
2156,2154,2160
2102,2158,2329
2156,2341,2158
2156,2160,2341
2158,2341,2329
2341,2160,2161
2287,2238,2239
2329,2211,2111
2239,2211,2329
2239,2238,2231
2239,2230,2211
2239,2232,2229
2239,2229,2230
2239,2231,2232
2287,1592,2199
2287,2199,2238
1596,2291,2280
1596,2287,2291
2291,2284,2282
2291,2283,2284
2291,2279,2280
2291,2282,2279
2287,2239,2337
2287,2337,2291
2336,2334,2283
2291,2336,2283
2341,2327,2326
2341,2326,2324
2341,2324,2336
2329,2341,2337
2336,2324,2335
2239,2329,2337
2336,2335,2334
2341,2336,2337
2341,2161,2327
2291,2337,2336
1319,1336,1343
1319,1343,1320
1319,1321,1336
1319,1320,1322
1272,1336,1334
1272,1335,1336
1336,1333,1334
1336,1337,1340
1336,1338,1337
1336,1339,1338
1336,1340,1333
1336,1342,1341
1335,1342,1336
1336,1341,1343
1272,1344,1335
1272,1334,1391
1272,1390,1344
1336,1321,1339
1272,1391,1392
1272,1393,1390
1272,1392,1402
1272,1402,1393
1393,1402,1404
1402,1392,1403
1402,1403,1408
1402,1406,1404
1402,1407,1406
1402,1410,1407
1402,1408,1409
1402,1409,2048
1402,2048,1410
1319,1322,1462
1319,1487,1321
1319,1462,1494
1319,1495,1487
1319,1494,1495
1487,1486,1321
1487,1488,1486
1487,1489,1488
1487,1495,1496
1487,1521,1489
1521,1490,1489
1521,1491,1490
1521,1493,1491
1487,1496,1521
1496,1497,1521
1497,1498,1521
1521,1558,1493
1498,1559,1521
1521,1572,1558
1521,1559,1573
1521,1590,1572
1521,1573,1590
1590,1587,1572
1573,1588,1590
1590,1591,1587
1588,1589,1590
1590,1592,1591
1589,1593,1590
1590,2272,1592
1590,1593,2272
2048,1409,2046
1410,2048,2047
2047,2048,2078
2048,2046,2096
2048,2096,2093
2048,2093,2094
2048,2092,2078
2048,2094,2098
2048,2097,2092
2048,2098,2097
2098,2094,2095
2097,2098,2099
2098,2100,2099
2098,2110,2100
2113,2095,2103
2098,2095,2113
2113,2103,2109
2098,2113,2110
2113,2109,2111
2110,2113,2112
2234,2231,2272
2234,2272,2237
2272,2238,2199
2200,2201,2272
2272,2231,2238
2201,2237,2272
2112,2113,2212
2113,2111,2211
2113,2211,2230
2113,2234,2212
2113,2230,2234
2234,2229,2232
2234,2230,2229
2234,2235,2236
2233,2234,2236
2234,2232,2231
2234,2237,2235
2212,2234,2233
2272,2199,1592
1593,2200,2272
1146,1273,1148
1146,1161,1314
1146,1164,1161
1146,1148,1164
1148,1345,1346
1148,1346,1166
1148,1168,1164
1148,1166,1167
1148,1167,1168
1167,1170,1168
1168,1170,1169
1161,1164,1232
1161,1232,1475
1168,1169,1220
1164,1168,1235
1168,1220,1235
1164,1235,1232
1220,1508,1235
1235,1508,1509
1232,1235,1536
1146,1267,1273
1146,1314,1267
1267,1314,1344
1267,1344,1390
1148,1273,1279
1148,1279,1345
834,1273,1267
834,1279,1273
1277,1278,1279
1279,1283,1282
1277,1279,1282
1279,1280,1283
1278,1345,1279
1161,1320,1314
1161,1322,1320
1314,1320,1343
1314,1341,1342
1314,1343,1341
1314,1342,1335
1314,1335,1344
1267,1390,1393
1267,1393,1404
1267,1404,1405
834,1267,2015
1267,1405,2015
1404,1406,1405
1405,1406,1407
1405,1407,2015
1407,1410,2015
1279,2054,1280
834,2054,1279
1280,2054,2053
1161,1462,1322
1161,1475,1462
1462,1475,1494
1475,1495,1494
1475,1497,1496
1475,1496,1495
1475,1498,1497
1475,1533,1498
1232,1533,1475
1232,1536,1533
1498,1533,1559
1235,1509,1551
1235,1556,1536
1235,1551,1552
1235,1552,1556
1552,1553,1556
1553,1554,1556
1554,1555,1556
1533,1536,2803
1536,1556,2803
1533,1573,1559
1533,1588,1573
1533,1589,1588
1533,2281,1589
1589,2281,1593
1533,2803,2281
1555,2307,1556
1556,2307,2803
1555,2304,2307
1410,2047,2015
2015,2047,2078
2015,2078,2101
2015,2135,2073
2015,2101,2135
834,2015,2073
834,2073,2054
2054,2056,2055
2053,2054,2055
2054,2057,2056
2054,2059,2057
2054,2073,2136
2054,2163,2059
2054,2136,2163
2078,2092,2101
2092,2097,2101
2097,2099,2101
2099,2100,2101
2100,2110,2101
2101,2110,2162
2110,2112,2162
2073,2135,2136
2101,2162,2135
2135,2162,2178
2136,2164,2163
2136,2169,2164
2135,2178,2136
2136,2172,2169
2169,2172,2170
2170,2172,2171
2171,2172,2343
2136,2178,2172
2201,2281,2240
2112,2212,2162
2162,2212,2240
2235,2237,2240
2201,2240,2237
2212,2233,2240
2233,2236,2240
2235,2240,2236
1593,2281,2200
2200,2281,2201
2240,2281,2360
2281,2313,2360
2304,2305,2307
2305,2306,2307
2306,2309,2307
2281,2803,2313
2307,2313,2803
2307,2309,2361
2309,2310,2361
2310,2346,2361
2307,2361,2313
2162,2240,2360
2162,2360,2178
2342,2343,2361
2172,2361,2343
2342,2361,2345
2345,2361,2346
2178,2360,2361
2172,2178,2361
2313,2361,2360
1149,1150,1165
1149,1346,1345
1149,1166,1346
1150,1357,1171
1149,1165,1166
1150,1171,1165
1165,1167,1166
1165,1170,1167
1165,1169,1170
1171,1357,1358
1171,1358,1362
1165,1220,1169
1165,1171,1223
1165,1222,1220
1171,1362,1501
1171,1501,1502
1171,1502,1223
1165,1223,1222
1220,1222,1508
1222,1509,1508
1149,1281,1274
1150,1274,1284
1149,1274,1150
1149,1345,1281
1150,1284,1352
835,1274,1281
835,1284,1274
1277,1281,1278
1277,1282,1281
1281,1282,1283
1278,1281,1345
1284,1290,1289
1284,1289,1352
1284,1293,1290
1284,1417,1293
1150,1352,1351
1150,1351,1357
835,1281,1283
835,1283,1280
1284,1421,1417
1284,1426,1421
835,1280,2053
835,2058,1284
1284,2058,1426
1223,1502,1513
1223,1513,1514
1223,1514,1538
1222,1223,1537
1222,1551,1509
1223,1538,1557
1222,1537,1551
1223,1557,1537
1557,1538,1539
1557,1539,1543
1557,1543,1601
1537,1552,1551
1537,1553,1552
1537,1554,1553
1537,1617,1554
1537,1557,1617
1557,1601,1602
1557,1602,1614
1554,1617,1555
1557,1614,2308
2308,1614,1615
1555,1617,2304
1557,2308,1617
835,2053,2074
835,2074,2058
2053,2055,2074
2055,2056,2074
2056,2057,2074
2058,1428,1426
2058,2062,1428
2058,2071,2062
2058,2072,2071
2058,2074,2138
2057,2059,2137
2057,2137,2074
2058,2138,2072
2059,2163,2137
2138,2118,2072
2138,2119,2118
2138,2126,2119
2074,2137,2138
2137,2163,2164
2137,2164,2169
2138,2173,2126
2137,2177,2138
2173,2127,2126
2173,2129,2127
2137,2169,2177
2138,2177,2173
2169,2170,2177
2170,2171,2177
2171,2343,2177
2348,2253,2247
2348,2242,2252
2348,2252,2253
2308,1615,2293
2308,2293,2241
2308,2241,2242
1617,2314,2304
1617,2308,2314
2304,2314,2305
2305,2314,2306
2306,2314,2309
2309,2314,2310
2308,2242,2348
2310,2314,2347
2308,2348,2314
2310,2347,2346
2173,2246,2129
2173,2247,2246
2173,2348,2247
2177,2343,2342
2173,2177,2348
2177,2342,2347
2342,2345,2347
2345,2346,2347
2177,2347,2348
2314,2348,2347
1172,1362,1358
1172,1501,1362
1287,1348,1347
1287,1347,1290
1287,1294,1348
1347,1289,1290
1294,1299,1348
1287,1290,1293
1287,1293,1417
1294,1418,1296
1294,1296,1297
1294,1297,1299
1347,1351,1352
1172,1347,1348
1347,1357,1351
1348,1356,1361
1347,1352,1289
1348,1355,1356
1172,1357,1347
1172,1348,1366
1172,1358,1357
1348,1361,1366
1366,1363,1364
1366,1361,1363
1366,1364,1367
1366,1367,1499
1348,1299,1355
1287,1423,1294
1287,1417,1423
1294,1419,1418
1423,1417,1421
1294,2063,1419
1423,1421,1426
1294,1423,2063
2063,1429,1419
1423,1426,1428
1423,1428,2069
1423,2069,2063
1172,1502,1501
1172,1366,1505
1366,1499,1505
1172,1504,1502
1172,1505,1504
1505,1499,1512
1504,1513,1502
1504,1514,1513
1505,1512,1515
1504,1538,1514
1504,1505,1542
1505,1515,1544
1504,1542,1538
1505,1548,1542
1542,1539,1538
1505,1544,1545
1505,1545,1548
1542,1543,1539
1548,1545,1546
1548,1546,1597
1542,1601,1543
1548,1597,1598
1542,1548,1616
1542,1616,1601
1548,1598,2296
1616,1602,1601
2296,1598,1611
1616,1614,1602
1548,2296,1616
2296,1611,1612
1616,1615,1614
1616,2301,1615
1616,2296,2301
2063,1431,1429
2063,1430,1431
2063,2065,1430
2063,2066,2065
2069,1428,2062
2069,2062,2071
2063,2121,2066
2063,2069,2121
2069,2071,2120
2120,2071,2072
2069,2120,2121
2121,2116,2066
2120,2072,2118
2121,2117,2116
2120,2118,2119
2120,2119,2126
2121,2128,2117
2120,2168,2121
2120,2126,2168
2121,2130,2128
2121,2168,2134
2121,2134,2130
2134,2131,2130
2134,2133,2131
2168,2126,2127
2168,2127,2129
2255,2297,2292
2134,2168,2255
2134,2255,2133
2255,2243,2133
2255,2248,2243
2168,2247,2254
2168,2254,2255
2255,2249,2248
2255,2292,2249
2254,2252,2242
2301,2255,2254
2254,2247,2253
2254,2253,2252
2296,2294,2297
2296,1612,2294
2301,2293,1615
2296,2297,2255
2301,2241,2293
2301,2242,2241
2296,2255,2301
2301,2254,2242
2168,2129,2246
2168,2246,2247
1288,1350,1349
1288,1291,1350
1288,1349,1295
1288,1292,1291
1349,1299,1297
1295,1349,1297
1288,1298,1292
1288,1420,1298
1295,1296,1418
1295,1297,1296
1173,1349,1350
1350,1353,1360
1349,1361,1356
1349,1356,1355
1350,1354,1353
1291,1354,1350
1173,1350,1360
1173,1361,1349
1173,1360,1359
1173,1359,1365
1173,1363,1361
1173,1364,1363
1173,1367,1364
1173,1499,1367
1349,1355,1299
1288,1295,1411
1288,1411,1420
1295,1418,1411
1411,1418,1419
1411,1422,1420
1411,1427,1422
1411,1419,1429
1411,1432,1427
1411,1429,1431
1411,1431,1430
1411,2068,1432
1411,1430,2068
1173,1365,1500
1173,1500,1503
1173,1506,1499
1173,1503,1507
1173,1507,1506
1506,1512,1499
1503,1510,1507
1506,1515,1512
1507,1510,1511
1506,1507,1541
1507,1511,1516
1506,1544,1515
1507,1516,1540
1507,1540,1541
1506,1541,1544
1540,1547,1541
1541,1545,1544
1541,1546,1545
1541,1597,1546
1541,1547,1599
1541,1603,1597
1541,1599,1603
1603,1598,1597
1599,1600,1603
1600,1610,1603
1603,1611,1598
1603,1610,1613
1603,1613,2300
1603,2300,1611
1432,2068,2064
2068,1430,2065
2064,2068,2067
2067,2068,2070
2122,2065,2066
2068,2065,2122
2068,2123,2070
2068,2122,2123
2122,2066,2116
2070,2123,2114
2122,2116,2117
2114,2123,2115
2115,2123,2124
2122,2117,2128
2122,2167,2123
2122,2128,2167
2123,2167,2124
2124,2167,2125
2167,2128,2130
2125,2167,2132
2167,2130,2131
2167,2131,2133
2167,2133,2243
2132,2167,2244
2257,2298,2299
2257,2300,2298
2167,2245,2244
2167,2243,2256
2256,2243,2248
2167,2257,2245
2167,2256,2257
2256,2248,2249
2250,2251,2257
2256,2249,2292
2250,2257,2299
2256,2300,2257
2245,2257,2251
2300,1612,1611
2300,2294,1612
1613,2295,2300
2300,2297,2294
2300,2292,2297
2295,2298,2300
2256,2292,2300
1152,1154,1155
1152,1153,1154
1152,1155,1156
1152,1156,1174
1152,1177,1360
1177,1365,1359
1156,1175,1174
1152,1174,1177
1174,1175,1176
1174,1176,1221
1177,1500,1365
1174,1226,1177
1174,1221,1225
1177,1226,1503
1174,1227,1226
1174,1225,1227
1226,1227,1228
1153,1275,1276
1152,1275,1153
1152,1286,1275
1152,1292,1286
1152,1291,1292
1275,1285,1276
1275,1412,1285
1275,1286,1414
1286,1292,1298
1286,1298,1420
1152,1353,1354
1152,1360,1353
1152,1354,1291
1177,1359,1360
1275,1414,1412
1412,1414,1413
1413,1414,1416
1414,1424,1416
1286,2060,1414
1286,1420,1422
1286,1422,1427
1414,1425,1424
1286,1427,2060
1414,2075,1425
1427,1432,2060
1177,1503,1500
1226,1510,1503
1226,1511,1510
1226,1550,1511
1226,1228,1535
1228,1229,1535
1229,1534,1535
1226,1535,1550
1534,1549,1535
1511,1550,1516
1516,1550,1540
1540,1550,1547
1535,1549,1604
1547,1550,1599
1535,1609,1550
1535,1604,1609
1550,1600,1599
1550,1610,1600
1604,1606,1609
1550,1609,2302
1607,1608,1609
1606,1607,1609
1550,2302,1610
1610,2302,1613
1608,1618,1609
1609,1618,2311
1414,2060,2075
1425,2075,2061
2061,2075,2076
1432,2064,2060
2060,2064,2067
2060,2067,2139
2060,2139,2075
2075,2140,2076
2067,2070,2139
2075,2141,2140
2075,2139,2142
2075,2142,2141
2070,2114,2139
2114,2115,2139
2115,2124,2139
2124,2125,2174
2125,2132,2174
2132,2244,2174
2141,2142,2143
2142,2165,2143
2142,2166,2165
2139,2176,2142
2142,2176,2166
2124,2174,2139
2139,2174,2176
2166,2176,2175
2174,2244,2245
2250,2299,2350
2245,2251,2350
2250,2350,2251
2295,2302,2298
2298,2302,2299
1613,2302,2295
1618,2303,2311
2299,2302,2350
2303,2312,2311
1609,2311,2302
2302,2311,2350
2311,2352,2350
2311,2351,2352
2311,2312,2351
2174,2350,2176
2174,2245,2350
2176,2352,2344
2175,2176,2344
2344,2352,2349
2176,2350,2352
2349,2352,2353
2352,2354,2353
2351,2354,2352
817,1140,1139
817,1139,825
817,826,1140
826,827,1140
826,829,827
826,830,829
826,831,830
817,825,833
817,833,826
826,832,831
825,1285,1412
825,1412,1413
826,1690,832
825,1689,833
826,833,1690
825,1413,1415
825,1415,1689
832,1690,1691
1415,1424,1689
1424,1425,1689
1139,1140,1141
1140,1143,1144
1140,1147,1143
1140,1144,1141
1139,1141,1145
1141,1144,1142
1141,1142,1202
1139,1145,1151
827,1147,1140
825,1139,1151
1151,1154,1153
1151,1155,1154
1151,1156,1155
1151,1153,1276
1145,1175,1151
1145,1176,1175
1145,1221,1176
1151,1175,1156
1141,1206,1145
1141,1202,1203
1141,1203,1204
1141,1204,1207
1141,1207,1206
1145,1206,1224
1204,1205,1207
1205,1233,1207
1207,1233,1234
1206,1207,2774
1145,1224,1221
1221,1224,1225
1224,1227,1225
1224,1229,1228
1224,1228,1227
1224,1534,1229
1207,1234,2774
1206,2798,1224
825,1151,1276
825,1276,1285
1413,1416,1415
1415,1416,1424
1224,2798,1534
1534,2798,1549
1549,2798,1604
1604,2798,1606
1605,1606,2798
1605,1607,1606
1605,1608,1607
1605,2935,1608
1608,2935,1618
833,1689,1696
833,1696,1690
1690,1692,1691
1690,1693,1692
1425,2061,1689
1690,1694,1693
1690,2378,1694
1694,2378,1695
1689,2377,1696
1690,1696,2378
1696,2377,2378
1689,2061,2076
1689,2076,2144
2076,2140,2144
1689,2144,2377
2140,2141,2144
2141,2143,2144
2143,2165,2144
1695,2378,2145
2145,2378,2146
2144,2165,2166
2144,2166,2381
2144,2381,2377
2166,2175,2381
2312,2355,2351
1618,2935,2303
2303,2935,2312
2312,2935,2355
2344,2349,2355
2349,2353,2355
2351,2355,2354
2353,2354,2355
2175,2344,2381
2344,2355,2381
2355,2393,2381
2355,2935,2393
2363,2394,2939
2362,2394,2363
2393,2940,2394
2377,2384,2378
2146,2378,2383
2377,2381,2384
2378,2384,2383
2146,2383,2380
2380,2383,2382
2382,2383,2390
2381,2393,2384
2383,2384,2394
2390,2394,2392
2383,2394,2390
2384,2393,2394
2362,2392,2394
1234,2773,2774
1206,2774,2798
2773,2797,2774
2774,2797,2799
2774,2805,2798
2774,2799,2805
2799,2800,2805
1605,2798,2935
2798,2805,2935
2800,2804,2805
2804,2934,2805
2805,2934,2940
2805,2940,2935
2934,2936,2940
2936,2937,2940
2937,2939,2940
2393,2935,2940
2394,2940,2939
97,1201,1138
97,1179,1236
97,2772,1201
97,1236,1237
97,1237,1238
97,1238,1244
97,1244,1245
97,1245,2775
819,1138,828
827,828,1147
819,836,1179
821,1193,836
821,836,822
822,836,823
828,830,839
828,829,830
827,829,828
830,831,839
831,832,839
832,1691,839
839,1691,1692
819,828,839
819,839,836
823,836,837
836,1697,837
836,839,1699
836,1699,1697
1138,1143,1147
1138,1142,1144
1138,1201,1142
1138,1144,1143
828,1138,1147
819,1179,1138
1179,1193,1181
97,1138,1179
1179,1183,1236
1179,1181,1183
836,1193,1179
1142,1201,1202
1201,1203,1202
1201,2772,1203
1203,2772,1204
1204,2772,1205
1205,2772,1233
1233,2772,1234
97,2775,2772
1692,1693,1702
1693,1694,1702
1694,1695,1702
839,1692,1702
839,1702,1699
1697,1699,1698
1698,1699,1700
1699,2186,1700
1699,2187,2186
1699,1702,2385
1695,2379,1702
1695,2145,2379
2145,2146,2379
1699,2385,2187
1702,2379,2385
2187,2385,2194
2194,2385,2195
2362,2363,3000
2146,2380,2379
2379,2380,2382
2379,2382,2391
2379,2391,2400
2379,2400,2385
2195,2385,2397
2385,2400,2397
2382,2390,2391
2390,2392,2391
2362,2391,2392
2362,3000,2391
2391,3000,2400
2195,2397,2395
2395,2397,2396
2396,2397,2399
2397,3001,2399
2399,3001,2402
2402,3001,2949
2400,3000,3001
2397,2400,3001
1234,2772,2773
2772,2783,2801
2772,2801,2773
2773,2801,2797
1245,2776,2775
2775,2776,2777
2775,2777,2778
2772,2775,2783
2775,2778,2783
2778,2782,2783
2782,2784,2783
2783,2784,2806
2797,2801,2799
2799,2801,2800
2800,2938,2804
2800,2801,2938
2801,2808,2938
2783,2808,2801
2783,2806,2808
2806,2807,2808
2807,2809,2808
2808,2809,2945
2804,2938,2934
2934,2938,2936
2936,2938,2937
2937,3000,2939
2937,2938,3000
2938,2958,3000
2363,2939,3000
2808,2945,2958
2808,2958,2938
2945,2946,2958
2946,2947,2958
2948,2950,3001
2949,3001,2950
2948,3001,2958
2958,3001,3000
2947,2948,2958
83,84,89
84,99,98
84,1182,99
83,1237,1236
84,98,89
83,89,104
89,98,102
83,104,1237
104,1238,1237
89,102,103
89,103,395
89,404,104
104,1244,1238
104,404,1244
89,395,396
89,396,405
89,405,404
396,397,405
397,2779,405
818,820,840
818,840,824
820,1193,821
820,821,822
820,822,840
822,823,840
823,837,840
824,840,1701
837,1697,840
840,1697,1698
83,818,84
83,820,818
84,818,824
84,824,1191
83,1181,820
84,1191,1189
83,1183,1181
84,1189,1182
83,1236,1183
820,1181,1193
824,1195,1194
824,1194,1191
824,1433,1195
824,1701,1433
1433,1701,2179
840,1698,1703
840,1703,1701
1698,1700,1703
1700,2186,1703
1701,2181,2179
1701,2182,2181
1701,2183,2182
1701,2184,2183
1703,2186,2187
1701,2196,2184
1701,1703,2387
1703,2187,2386
1701,2387,2196
2187,2194,2386
1703,2386,2387
2194,2195,2386
2195,2395,2386
2196,2387,2197
2386,2414,2387
2386,2395,2396
2386,2396,2410
2197,2387,2411
2197,2411,2403
2396,2399,2410
2386,2410,2414
2387,2414,2411
2399,2402,2410
2402,3011,2410
2403,2411,2404
2404,2411,2405
2405,2411,2414
2405,2414,2408
2408,2414,2409
2410,3011,2414
2409,2414,3012
404,1245,1244
404,2776,1245
404,2777,2776
404,2778,2777
404,2782,2778
404,405,2786
405,2779,2786
2779,2780,2786
404,2791,2782
2780,2781,2786
404,2786,2791
2782,2791,2784
2781,2790,2786
2786,2790,2810
2786,2812,2791
2784,2791,2806
2791,2807,2806
2807,2968,2809
2809,2968,2945
2786,2810,2812
2791,2968,2807
2810,2811,2812
2811,2813,2812
2791,2812,2968
2812,2813,2814
2945,2968,2946
2946,2968,2947
2949,2950,3011
2948,3011,2950
2947,3011,2948
2947,2968,3011
2959,2980,2970
2968,2980,3011
2960,3004,3012
2959,2960,3012
2980,3012,3011
2959,3012,2980
2812,2814,2980
2812,2980,2968
2814,2969,2980
2969,2970,2980
2402,2949,3011
2409,3012,3002
3002,3012,3004
2414,3011,3012
81,1178,82
81,99,1182
82,1184,100
81,82,88
81,88,90
82,92,88
91,93,92
81,98,99
81,102,98
82,100,96
81,90,102
82,96,92
90,103,102
91,92,96
90,395,103
92,93,369
88,406,90
88,92,407
92,369,407
88,407,406
369,371,407
90,406,395
395,406,396
371,403,407
396,406,397
397,406,2779
406,2780,2779
406,2781,2780
403,421,407
406,407,2787
407,421,2785
407,2785,2787
838,1178,1190
838,1192,1178
838,1190,1195
838,1195,1433
838,1433,2179
838,2185,1192
838,2179,2180
81,1190,1178
82,1178,1192
82,1192,1185
1182,1189,1190
81,1182,1190
82,1185,1184
1190,1191,1194
1189,1191,1190
1185,1192,1197
1192,1196,1197
1190,1194,1195
1192,1434,1196
1192,1437,1434
1192,2185,1437
1437,2185,1438
838,2180,2193
838,2193,2185
2179,2181,2180
2180,2181,2182
2180,2182,2183
1438,2185,2189
2185,2190,2189
2180,2183,2388
2183,2184,2388
2180,2388,2193
2185,2193,2389
2185,2389,2190
2184,2196,2388
2190,2389,2198
2198,2389,2370
2193,2388,2389
2196,2197,2388
2370,2389,2371
2197,2403,2388
2371,2389,2406
2388,2415,2389
2388,2403,2404
2388,2404,2405
2388,2405,2412
2389,2413,2406
2406,2413,2407
2388,2412,2415
2389,2415,2413
2405,2408,2412
2408,2409,2412
2409,3002,2412
2407,2413,3003
406,2792,2781
406,2787,2792
2785,2788,2787
2787,2788,2793
2781,2792,2790
2790,2792,2810
2792,2811,2810
2787,2793,2795
2787,2795,2796
2787,2838,2792
2787,2796,2838
2792,2813,2811
2792,2971,2813
2796,2815,2838
2792,2838,2971
2813,2971,2814
2815,2974,2838
2959,2970,3020
2959,3020,2960
2814,2971,2969
2969,2971,2970
2838,2995,2971
2838,2974,2995
2972,2995,2974
2973,2975,2995
2972,2973,2995
2970,2971,3020
2975,3021,2995
2975,2981,3021
2971,2995,3020
2413,3005,3003
2412,3002,3020
2413,3021,3005
2412,3020,2415
2413,2415,3021
2960,3020,3004
3002,3004,3020
3005,3021,3006
2961,3021,2981
2961,3006,3021
2415,3020,3021
2995,3021,3020
86,1180,87
86,1184,1180
86,87,368
86,93,91
86,368,370
86,370,93
87,105,373
87,373,368
86,96,100
86,91,96
86,100,1184
87,101,105
87,1239,101
87,1186,1239
93,370,369
369,370,371
368,373,375
368,375,384
368,384,386
368,408,370
368,412,408
368,386,390
368,390,412
370,403,371
370,408,403
412,390,422
403,408,421
408,2785,421
412,422,423
412,423,428
408,412,2817
412,428,2817
1180,1185,1197
1180,1197,1196
1180,1184,1185
87,1180,1198
87,1198,1186
1198,1187,1186
1180,1196,1435
1180,1435,1198
1198,1199,1187
1198,1200,1199
1196,1434,1435
1434,1437,1435
1198,1435,1441
1198,1439,1200
1198,1441,1439
1435,1437,1438
1435,1438,2188
1435,2188,1441
1441,1440,1439
1441,1443,1440
1438,2189,2188
2188,2189,2190
1441,2191,1443
1441,2401,2191
2188,2190,2198
2188,2198,2398
2188,2398,2401
1441,2188,2401
2198,2370,2398
2370,2371,2398
2401,2372,2191
2401,2373,2372
2401,2374,2373
2401,3007,2374
2371,2406,2398
2398,3018,2401
2398,2406,3018
2406,2407,3018
2401,3010,3007
2401,3018,3010
408,2788,2785
408,2794,2788
408,2817,2794
2817,428,2789
2817,2789,2821
2788,2794,2793
2793,2794,2795
2794,2796,2795
2794,2816,2796
2796,2816,2815
2815,2816,2974
2817,2821,2831
2794,2817,2839
2817,2831,2839
2839,2831,2834
2794,2839,2816
2839,2834,2844
2816,2839,3023
2839,2844,2850
2839,2850,3023
2816,2972,2974
2816,2973,2972
2816,3019,2973
3023,2976,2978
2975,3019,2981
2961,2981,3019
3022,2992,3015
3022,2986,2992
2973,3019,2975
2816,3023,3019
3019,3023,3022
3022,3023,2978
3022,2978,2986
2407,3003,3018
3003,3005,3018
3005,3006,3018
3010,3008,3007
3010,3009,3008
3010,3013,3009
2961,3019,3006
3018,3019,3022
3006,3019,3018
3010,3022,3013
3022,3015,3013
3010,3018,3022
3023,2850,2851
3023,2851,2976
94,95,365
94,375,373
94,373,105
85,95,94
85,94,1239
85,1188,95
94,101,1239
95,1188,106
94,105,101
95,106,108
95,108,398
94,365,383
95,385,365
94,383,375
95,376,385
95,398,376
383,384,375
365,416,383
365,385,417
383,386,384
385,376,387
383,390,386
385,387,391
385,391,392
365,417,416
383,416,390
385,392,417
416,422,390
417,392,424
416,423,422
417,424,427
416,428,423
416,417,434
417,427,2819
416,2822,428
417,2819,434
416,434,2822
85,1239,1186
85,1186,1187
85,1187,1199
85,1199,1436
85,1436,1188
1436,1199,1200
1188,1240,106
1188,1242,1240
1188,1253,1242
1188,1254,1253
1188,1620,1254
1436,1200,1439
1188,1436,1442
1436,1439,1440
1436,1440,2192
1436,2192,1442
1188,1442,1620
1442,1621,1620
1442,1626,1621
1442,2365,1626
2192,1440,1443
2192,1443,2191
2192,2191,2372
1442,2192,2376
1442,2376,2365
2192,2372,2375
2375,2372,2373
2192,2375,2376
2376,2368,2365
2376,2369,2368
2376,2951,2369
2376,2954,2951
2375,2373,2374
2375,2374,3007
2375,3017,2376
2822,2789,428
434,2819,2820
2822,2821,2789
434,2820,2823
434,2823,2832
2822,2831,2821
2822,2834,2831
434,2840,2822
434,2832,2840
2840,2832,2833
2822,2853,2834
2840,2833,2845
2822,2840,2853
2853,2844,2834
2840,2845,2846
2840,2846,2847
2840,2847,2855
2853,2850,2844
2853,2976,2851
2853,2851,2850
2855,2847,2854
2855,2854,2852
2840,3028,2853
2840,2855,3028
2376,2955,2954
2376,3014,2955
3014,2966,2955
3014,2967,2966
2998,2978,2853
2999,2855,2977
3014,2999,2967
2998,3015,2992
2999,2982,2967
2998,2992,2986
2999,2985,2982
2999,2977,2985
2998,2986,2978
2998,3028,2999
2375,3007,3017
2376,3017,3014
3017,3007,3008
3017,3008,3009
3017,3009,3013
3017,3013,3015
3017,3015,2998
3014,3017,2999
3017,2998,2999
2853,2978,2976
2855,2852,2977
2998,2853,3028
2999,3028,2855
372,398,108
372,108,106
372,1241,374
372,106,1241
374,1241,1243
374,1247,401
374,1248,1247
372,376,398
372,387,376
372,374,382
374,402,393
372,382,389
372,389,387
374,393,382
389,391,387
389,392,391
382,393,394
374,401,402
382,394,411
389,424,392
382,411,413
382,418,389
389,418,424
382,413,414
382,414,420
382,420,418
414,425,420
418,427,424
420,425,426
420,426,433
418,2819,427
418,420,2826
420,433,2826
418,2826,2824
433,2818,2826
1241,1240,1242
1241,1242,1253
1241,1619,1243
1241,106,1240
374,1243,1248
1243,1249,1248
1243,1251,1249
1241,1253,1619
1619,1253,1254
1243,1256,1251
1243,1623,1256
1619,1254,1620
1243,1619,1625
1243,1625,1623
1619,1620,1621
1619,1621,2364
1619,2364,1625
2364,1621,1626
1623,1625,1624
1624,1625,1629
1625,1631,1629
2364,1626,2365
1625,2953,1631
1625,2364,2953
2364,2365,2368
1631,2953,2367
2364,2368,2369
2364,2369,2952
2364,2952,2953
2952,2369,2951
418,2820,2819
418,2824,2820
2818,2825,2826
2824,2823,2820
2824,2832,2823
2825,2835,2826
2824,2826,2841
2824,2833,2832
2824,2848,2833
2826,2835,2841
2835,2836,2841
2836,2842,2841
2848,2845,2833
2824,2841,2848
2841,2842,2856
2848,2847,2846
2848,2854,2847
2848,2846,2845
2849,3024,3029
2841,3029,2848
2841,2856,3029
2856,2857,3029
2849,3029,2857
2367,2953,2941
2941,2953,2943
2952,2951,2954
2943,2953,2964
2952,3016,2953
2952,2954,3016
3016,2954,2955
2943,2964,2962
2962,2964,2963
2963,2964,2983
3016,2955,2966
2953,3016,2964
3016,2966,2967
2996,2977,2852
2979,2997,3025
2964,2987,2983
2964,2997,2987
2987,2997,2988
3016,2967,2982
2996,3016,2982
2964,3016,2997
2996,2985,2977
2996,2982,2985
2979,2988,2997
2996,2997,3016
2848,2996,2854
2996,2852,2854
2848,3029,2996
2997,3024,3025
2997,3029,3024
2996,3029,2997
107,400,399
107,377,1247
107,1246,400
107,378,377
378,399,379
378,379,380
378,380,388
367,377,378
367,378,388
367,388,381
367,409,377
377,394,393
377,393,402
377,409,394
107,399,378
377,401,1247
377,402,401
367,381,410
367,410,415
394,409,411
409,413,411
409,414,413
367,415,419
367,430,409
367,419,431
367,431,430
409,430,414
414,430,425
419,429,431
429,432,431
431,432,435
430,431,437
425,430,426
426,430,433
430,2818,433
431,435,436
430,2827,2818
431,436,437
430,437,2827
107,1247,1248
107,1248,1249
107,1252,1246
107,1249,1251
107,1251,1255
107,1255,1252
1250,1252,1255
1251,1256,1255
1250,1255,1622
1255,1256,1623
1255,1627,1622
1255,1623,1624
1255,1624,2366
1255,2366,1627
1624,1629,2366
1627,2366,1628
1628,2366,1630
1629,1631,2366
1630,2366,1632
1631,2367,2366
1632,2366,2957
2366,2367,2956
436,2828,437
2818,2827,2825
2825,2827,2835
437,2828,2837
437,2837,2827
2828,2829,2837
2827,2836,2835
2829,2830,2837
2827,2859,2836
2830,2843,2837
2827,2837,2859
2836,2859,2842
2837,2843,2860
2842,2859,2856
2837,2860,2863
2856,2859,2857
2849,2857,2859
2860,2862,2863
2861,2863,2862
2837,3030,2859
2837,2863,3030
2849,2859,3031
2861,3032,2863
2858,3032,2861
1632,2957,2942
2367,2941,2956
2366,2956,2957
2941,2943,2956
2942,2957,2944
2943,2962,2956
2944,2957,2965
2956,2994,2957
2957,2984,2965
2956,2962,2994
2957,2994,2984
2962,2963,2994
2963,2983,2994
2983,2987,2994
2984,2994,2991
2987,2988,2994
2989,2991,2994
2989,2994,2990
2979,3031,2988
2990,3032,3027
2994,3031,3032
2988,3031,2994
2990,2994,3032
2849,3031,3024
2858,3026,3032
3024,3031,3025
2979,3025,3031
3026,3027,3032
3030,3032,3031
2859,3030,3031
2863,3032,3030
400,1246,2499
399,400,2499
574,305,575
304,573,2499
304,574,573
304,305,574
304,306,305
399,2499,573
304,307,306
304,2497,307
366,415,410
379,573,380
381,388,573
380,573,388
379,399,573
366,410,381
415,648,419
419,648,429
429,648,432
432,648,435
435,3169,436
573,574,580
574,575,576
574,576,572
574,572,580
580,572,577
366,573,580
580,577,582
366,381,573
580,582,583
366,580,648
580,583,584
580,584,649
580,649,648
366,648,415
649,584,647
649,647,650
649,650,688
648,649,694
649,688,689
649,689,694
648,694,3169
435,648,3169
694,689,712
694,712,713
694,713,3170
1246,1252,2499
1250,2499,1252
1250,2522,2499
1250,1622,2522
1622,1627,2522
1627,1628,2522
1628,1630,2522
1630,1632,2522
304,2499,2457
304,2457,2497
2457,2498,2497
2457,2520,2498
2457,2499,2522
2457,2521,2520
2457,2614,2521
2457,2522,2614
2614,2523,2521
2614,2524,2523
2614,2525,2524
2522,3252,2614
1632,3252,2522
2614,3253,2525
3253,3249,2525
2614,3252,3253
436,3169,2828
2828,3169,2829
2829,3169,2830
2830,3169,3213
2830,3213,2843
2843,3213,2860
2860,3213,2862
2861,2862,3213
2858,2861,3213
2858,3213,3026
2965,2984,2993
2984,2991,2993
2989,2993,2991
2989,2990,2993
694,3178,3169
694,3170,3178
3178,3170,3199
3169,3178,3213
3216,3217,3324
3178,3199,3202
3178,3202,3216
3216,3202,3214
3178,3345,3213
3178,3216,3345
3216,3214,3215
3216,3215,3217
1632,2942,3252
2942,2944,3252
3253,3250,3249
2944,2965,3252
3253,3255,3250
3252,3293,3253
2965,2993,3252
3253,3279,3255
3253,3293,3279
2993,3293,3252
3293,3281,3279
3293,3280,3281
3293,3282,3280
2990,3027,3333
3334,3323,3282
2990,3333,2993
2993,3333,3293
3293,3334,3282
3293,3333,3334
3026,3333,3027
3026,3213,3333
3216,3324,3334
3213,3345,3333
3216,3334,3345
3334,3324,3323
3333,3345,3334
278,285,279
279,280,570
279,281,280
285,284,279
278,296,285
279,284,281
278,576,575
278,575,305
285,297,303
285,2455,297
285,296,2455
2455,298,297
2455,299,298
285,303,284
278,305,296
296,305,306
296,306,307
296,307,2497
296,2497,2498
278,279,481
279,570,481
278,481,578
481,570,571
481,571,482
481,482,579
481,579,581
481,641,578
481,581,642
481,642,641
278,578,577
578,582,577
278,572,576
278,577,572
578,583,582
578,641,583
641,584,583
642,581,643
642,643,644
641,642,693
641,647,584
641,650,647
641,688,650
642,644,692
642,692,695
641,693,708
693,642,695
641,708,688
708,689,688
693,695,709
693,709,710
693,710,711
708,712,689
708,713,712
708,3170,713
693,3177,708
693,711,3177
2455,2501,299
296,2498,2503
296,2503,2455
2455,2504,2501
2503,2498,2520
2455,2505,2504
2455,2611,2505
2455,2503,2611
2611,2506,2505
2611,2507,2506
2503,2520,2521
2503,2521,2523
2503,2523,2524
2503,2627,2611
2611,2628,2507
2503,2524,2627
2627,2524,2525
2628,2617,2507
2627,2525,3249
2611,2627,2628
2627,3249,3250
2628,2626,2617
708,3203,3170
3177,711,3200
3203,3199,3170
708,3177,3203
3177,3200,3201
3203,3324,3217
3203,3202,3199
3203,3214,3202
3207,3201,3204
3207,3204,3206
3207,3206,3218
3177,3201,3207
3177,3346,3203
3177,3207,3346
3203,3215,3214
3203,3217,3215
3207,3218,3336
2627,3250,3255
2628,3286,2626
2627,3255,3292
2628,3287,3286
2628,3296,3287
3292,3255,3279
3292,3279,3281
3292,3281,3280
3292,3280,3282
3296,3332,3297
3335,3282,3323
3292,3282,3335
3296,3336,3332
2627,3298,2628
2627,3292,3298
2628,3298,3296
3296,3294,3287
3296,3295,3294
3296,3297,3295
3292,3335,3298
3298,3336,3296
3203,3335,3324
3336,3218,3325
3335,3323,3324
3336,3325,3332
3346,3336,3335
3203,3346,3335
3346,3207,3336
3298,3335,3336
123,125,454
125,283,282
125,282,462
123,286,245
125,245,293
125,289,287
125,293,289
123,245,125
125,287,283
123,280,281
123,570,280
123,281,284
123,303,286
123,284,303
245,286,2417
245,2417,293
286,303,297
293,294,289
293,295,294
286,297,298
286,298,299
293,2515,295
454,462,463
454,463,464
454,464,465
123,454,461
123,571,570
123,461,571
125,462,454
461,482,571
454,465,483
454,558,461
461,579,482
461,581,579
461,558,581
454,483,560
454,560,558
560,483,645
560,645,646
558,643,581
558,644,643
558,692,644
558,560,675
560,646,697
558,696,692
560,697,699
558,675,696
560,706,675
560,699,706
696,695,692
696,709,695
696,710,709
706,699,700
706,700,705
706,705,707
675,3172,696
675,706,3172
696,711,710
706,707,3176
286,2502,2417
293,2417,2515
286,299,2502
2502,299,2501
2515,2459,295
2417,2502,2518
2417,2518,2515
2502,2501,2504
2502,2504,2505
2502,2505,2506
2515,2509,2459
2515,2510,2509
2515,2511,2510
2515,2512,2511
2515,2516,2512
2502,2506,2622
2515,2625,2516
2622,2506,2507
2502,2622,2518
2515,2518,2625
2622,2507,2617
2625,2620,2516
2518,2622,2625
2622,2617,2626
2625,2621,2620
2625,3254,2621
2622,3290,2625
696,3200,711
696,3172,3205
706,3211,3172
696,3205,3200
706,3176,3211
3337,3218,3206
3340,3193,3194
3211,3193,3340
3205,3201,3200
3205,3204,3201
3205,3206,3204
3211,3176,3208
3211,3208,3209
3211,3209,3193
3172,3220,3205
3172,3211,3220
3205,3337,3206
2622,2626,3286
2625,3288,3254
3288,3256,3254
3288,3260,3256
3288,3283,3260
3337,3297,3332
3340,3284,3283
3288,3340,3283
2622,3286,3290
2625,3290,3288
3290,3286,3287
3290,3287,3294
3290,3294,3295
3290,3295,3297
3288,3290,3340
3290,3297,3337
3290,3337,3340
3337,3325,3218
3340,3194,3329
3337,3332,3325
3340,3328,3284
3340,3329,3328
3220,3340,3337
3205,3220,3337
3211,3340,3220
124,126,453
124,243,126
126,127,460
124,282,283
126,128,127
124,462,282
124,288,243
126,243,247
243,292,291
243,248,247
124,287,288
243,290,248
243,291,290
124,283,287
126,247,128
243,288,2416
243,2416,292
288,289,294
288,287,289
288,294,295
2416,2458,292
288,295,2459
126,460,453
124,453,456
453,460,455
453,455,458
453,458,459
124,463,462
124,456,463
456,464,463
456,465,464
453,459,484
453,559,456
453,484,561
453,561,559
456,559,465
559,483,465
561,484,485
559,645,483
559,646,645
561,485,562
559,561,670
561,562,672
559,698,646
559,670,698
561,672,673
561,703,670
561,673,703
698,697,646
698,699,697
698,700,699
703,673,701
703,701,702
703,702,704
670,3171,698
670,703,3171
698,3171,700
3171,705,700
3171,707,705
703,704,3210
288,2508,2416
288,2459,2508
2416,2460,2458
2416,2461,2460
2416,2513,2461
2416,2508,2517
2416,2517,2513
2513,2462,2461
2508,2459,2509
2508,2509,2510
2513,2514,2462
2508,2510,2517
2517,2510,2511
2517,2511,2512
2623,2512,2516
2513,2624,2514
2517,2512,2623
2513,2517,2624
2624,2618,2514
2623,2516,2620
2517,2623,2624
2624,2619,2618
2623,2620,2621
2624,3251,2619
2623,2621,3254
2623,3289,2624
3171,3176,707
703,3210,3171
3210,704,3173
3171,3208,3176
3210,3173,3174
3210,3174,3175
3171,3209,3208
3171,3210,3219
3171,3219,3209
3339,3191,3326
3210,3191,3339
3219,3338,3194
3210,3339,3219
3210,3175,3192
3210,3192,3191
3219,3193,3209
3219,3194,3193
2624,3259,3251
2623,3254,3289
2624,3289,3259
3259,3257,3251
3259,3258,3257
3259,3277,3258
3289,3254,3256
3289,3256,3260
3339,3327,3278
3259,3278,3277
3289,3260,3283
3289,3283,3284
3259,3289,3339
3259,3339,3278
3289,3338,3339
3289,3284,3338
3339,3326,3327
3338,3329,3194
3338,3328,3329
3219,3339,3338
3338,3284,3328
122,244,255
122,139,140
121,122,438
122,140,137
121,244,122
122,255,139
121,128,247
121,127,128
121,460,127
121,246,244
244,256,255
244,265,256
121,248,246
121,247,248
244,266,265
246,248,290
197,244,246
197,266,244
197,300,266
246,290,291
246,291,292
197,2467,300
246,292,2458
197,246,2456
122,137,438
121,438,457
137,452,438
121,457,460
438,452,476
438,476,486
457,455,460
457,458,455
457,459,458
438,486,490
438,556,457
457,484,459
457,556,484
438,490,557
438,557,556
556,485,484
490,502,557
556,562,485
556,557,671
502,564,557
557,564,655
556,674,562
557,665,671
556,671,674
674,672,562
557,655,665
665,685,671
671,685,686
671,686,687
674,673,672
674,701,673
671,714,674
671,687,714
674,714,701
714,702,701
714,704,702
687,3179,714
714,3173,704
246,2458,2456
197,2487,2467
197,2500,2487
197,2456,2500
2456,2458,2460
2456,2460,2461
2456,2461,2462
2487,2500,2489
2489,2500,2490
2490,2500,2493
2456,2462,2615
2615,2462,2514
2456,2615,2500
2493,2500,2616
2615,2514,2618
2493,2616,2535
2500,2615,2616
2615,2618,2619
2615,2619,3251
2615,3261,2616
2535,2616,2539
2539,2616,3267
714,3179,3184
714,3184,3190
714,3212,3173
714,3190,3212
3184,3187,3190
3187,3188,3190
3188,3189,3190
3330,3326,3191
3190,3331,3212
3212,3330,3191
3189,3196,3190
3190,3196,3331
3212,3174,3173
3212,3175,3174
3212,3192,3175
3212,3191,3192
2615,3251,3261
2616,3261,3268
3261,3251,3257
3261,3270,3268
3261,3271,3270
3261,3272,3271
3261,3257,3258
3261,3258,3277
2616,3268,3267
3330,3278,3327
3261,3277,3278
3261,3331,3272
3261,3278,3330
3261,3330,3331
3197,3272,3331
3330,3327,3326
3212,3331,3330
3196,3197,3331
117,118,439
118,443,439
118,130,443
117,448,452
110,118,117
118,249,129
110,250,118
110,117,262
117,255,256
117,256,262
118,250,249
118,129,130
117,137,140
117,139,255
117,140,139
117,452,137
110,262,200
110,200,264
200,2463,264
200,262,2484
110,252,250
110,263,252
110,264,263
256,265,262
262,265,266
262,266,300
262,300,2484
439,444,449
439,449,450
439,450,451
117,439,448
439,443,444
439,554,448
439,451,555
439,555,554
448,554,490
451,489,555
448,476,452
448,486,476
448,490,486
490,554,502
489,563,555
502,554,564
555,563,676
554,555,569
554,683,564
555,676,684
554,569,683
555,684,569
564,683,655
655,683,665
676,678,684
678,679,684
679,680,684
665,683,685
683,686,685
680,682,684
683,687,686
569,718,683
569,684,718
682,3180,684
683,3185,687
684,3180,3186
683,718,3185
684,3186,718
200,2465,2463
200,2486,2465
200,2484,2419
200,2419,2486
300,2467,2484
2465,2486,2466
2466,2486,2485
2485,2486,2488
2467,2487,2484
2484,2487,2489
2484,2489,2490
2419,2484,2629
2419,2630,2486
2486,2630,2488
2484,2490,2629
2490,2493,2629
2493,2535,2629
2488,2630,2534
2534,2630,2536
2419,2629,2630
2535,2539,2629
2536,2630,3262
2539,3274,2629
2630,3275,3262
2629,3291,2630
687,3185,3179
3180,3181,3186
3179,3185,3184
3184,3185,3187
3185,3188,3187
3181,3182,3186
3166,3186,3182
3185,3189,3188
718,3222,3185
718,3186,3222
3185,3196,3189
3166,3167,3344
3166,3344,3186
3167,3198,3344
3057,3344,3198
3185,3343,3196
3185,3222,3343
3186,3344,3222
2539,3267,3274
3262,3275,3263
3267,3268,3274
3268,3270,3274
3270,3271,3274
3263,3275,3269
3266,3269,3275
3271,3272,3274
2629,3274,3291
2630,3291,3275
3197,3274,3272
3266,3275,3344
3266,3344,3285
3057,3285,3344
3197,3343,3274
3274,3343,3291
3275,3291,3344
3291,3343,3344
3196,3343,3197
3222,3344,3343
109,116,115
115,116,440
115,130,129
115,443,130
115,444,443
116,138,442
115,129,251
109,115,251
109,254,116
116,254,257
129,249,251
116,136,135
116,135,138
116,257,136
109,251,198
109,198,254
198,251,2464
198,2473,254
250,252,251
249,250,251
251,252,263
251,263,264
254,258,257
254,270,268
254,268,258
254,271,270
251,264,2463
254,2473,271
251,2463,2464
2473,2468,271
115,440,441
116,442,440
115,441,444
442,138,466
442,466,467
441,449,444
441,450,449
441,451,450
442,467,487
442,487,488
440,552,441
440,442,553
440,553,552
441,552,451
442,488,553
451,552,489
553,488,494
553,494,496
489,552,563
552,553,568
552,677,563
553,496,565
553,565,681
552,568,677
553,681,568
563,677,676
681,565,566
681,566,657
681,657,667
681,667,669
676,677,678
677,679,678
568,716,677
568,681,716
677,716,679
679,716,680
680,716,682
681,669,3183
3183,669,691
681,3183,716
682,716,3180
198,2464,2418
198,2418,2473
2463,2465,2464
2464,2465,2466
2464,2466,2485
2473,2469,2468
2473,2475,2469
2473,2477,2475
2473,2494,2477
2464,2485,2612
2418,2464,2612
2418,2613,2473
2485,2488,2612
2473,2613,2494
2613,2530,2494
2418,2612,2613
2488,2534,2612
2534,2536,2612
2613,2531,2530
2613,3034,2531
2613,3273,3034
2536,3262,2612
2612,3276,2613
2612,3262,3276
3273,3035,3034
3273,3040,3035
3273,3046,3040
3273,3056,3046
3273,3342,3056
3342,3053,3056
3342,3055,3053
3183,691,3158
3183,3159,3163
3183,3158,3159
3183,3163,3164
716,3221,3180
716,3183,3221
3180,3221,3181
3181,3221,3182
3166,3182,3221
3166,3221,3167
3342,3164,3055
3183,3164,3342
3183,3342,3221
3167,3221,3341
3167,3341,3198
3057,3198,3341
3221,3342,3341
2613,3276,3273
3262,3263,3276
3263,3269,3276
3266,3276,3269
3266,3285,3276
3273,3276,3342
3276,3285,3341
3057,3341,3285
3276,3341,3342
120,132,131
120,131,258
120,269,132
131,257,258
131,138,135
131,135,136
131,132,445
131,445,138
132,473,468
132,141,470
132,470,473
131,136,257
132,142,141
132,259,142
120,258,268
120,268,270
132,269,259
120,270,199
120,199,269
269,272,277
269,277,276
269,273,272
199,270,271
269,276,259
269,2470,273
199,271,2468
199,2476,269
269,2476,2470
199,2468,2469
132,468,445
445,466,138
445,467,466
445,487,467
445,488,487
445,468,493
468,473,474
468,474,477
468,477,480
445,492,488
468,480,493
445,493,492
493,480,498
492,494,488
492,496,494
492,565,496
493,498,499
493,499,652
492,493,567
492,567,565
493,652,653
567,566,565
493,666,567
493,653,666
567,657,566
567,667,657
666,653,658
666,658,662
666,662,663
567,715,667
567,666,715
715,669,667
666,663,3149
715,691,669
666,3160,715
666,3149,3160
715,3158,691
199,2469,2491
199,2491,2476
2476,2479,2470
2476,2480,2479
2476,2482,2480
2476,2483,2482
2491,2469,2475
2491,2475,2477
2476,2538,2483
2491,2538,2476
2491,2477,2537
2537,2477,2494
2491,2537,2538
2538,2526,2483
2537,2494,2530
2538,2527,2526
2537,2530,2531
2538,3033,2527
2537,2531,3034
2538,3036,3033
2537,3264,2538
2537,3034,3264
2538,3038,3036
3038,3037,3036
2538,3264,3038
3264,3034,3035
3264,3035,3040
3038,3043,3044
3038,3044,3037
3038,3059,3043
3264,3040,3046
3264,3046,3056
3038,3264,3059
3059,3048,3043
3059,3154,3051
3059,3051,3048
3058,3053,3055
3058,3055,3164
3058,3056,3053
3058,3264,3056
3058,3059,3264
3160,3149,3150
3160,3150,3156
3160,3156,3153
715,3168,3158
715,3160,3168
3168,3159,3158
3059,3153,3154
3059,3160,3153
3168,3164,3163
3059,3168,3160
3168,3163,3159
3058,3164,3168
3058,3168,3059
133,253,134
134,253,260
133,134,447
133,447,470
134,471,447
133,141,142
134,144,143
133,142,259
134,260,144
133,470,141
134,143,471
253,276,277
133,276,253
133,259,276
253,261,260
253,274,261
253,275,274
302,277,272
302,272,273
253,302,275
253,277,302
275,302,301
302,273,2470
301,302,2471
302,2470,2479
302,2479,2481
302,2472,2471
447,473,470
447,472,475
447,474,473
447,475,478
447,471,472
447,477,474
447,478,479
447,480,477
447,479,497
447,495,480
447,497,495
479,500,497
495,498,480
497,500,501
495,499,498
495,497,651
495,652,499
497,501,654
495,651,652
497,659,651
497,654,659
651,653,652
651,658,653
651,662,658
651,659,660
651,660,661
651,661,690
651,690,662
690,663,662
661,664,690
690,3149,663
664,3151,690
690,3150,3149
690,3151,3152
302,2492,2472
302,2481,2492
2472,2492,2478
2481,2479,2480
2481,2480,2482
2481,2482,2483
2478,2492,2495
2492,2496,2495
2481,2483,2528
2481,2528,2492
2492,2529,2496
2492,2528,2529
2528,2483,2526
2496,2529,2532
2528,2526,2527
2529,2533,2532
2529,2540,2533
2528,2527,3033
2528,3042,2529
2529,3042,2540
2528,3033,3042
3054,3155,3162
2540,3042,2541
3042,3033,3036
3042,3036,3037
3042,3037,3044
2541,3042,3039
3039,3042,3045
3042,3044,3043
3042,3047,3045
3042,3043,3052
3042,3054,3047
3052,3043,3048
3049,3054,3050
3047,3054,3049
3050,3054,3162
3052,3051,3154
3052,3165,3054
3052,3048,3051
3042,3052,3054
690,3152,3165
3165,3156,3150
3152,3157,3165
3155,3165,3157
3165,3153,3156
690,3165,3150
3165,3154,3153
3052,3154,3165
3054,3165,3155
119,446,469
119,196,146
119,267,196
119,144,260
119,146,446
119,471,143
119,469,471
119,143,144
146,507,446
146,196,310
146,316,165
146,165,164
146,164,160
146,160,505
146,505,507
196,267,201
201,267,2474
196,201,310
201,2544,310
260,261,267
119,260,267
261,274,267
267,274,275
267,275,301
267,301,2474
301,2471,2474
146,310,316
310,311,316
310,313,311
310,317,313
310,2543,317
310,2544,2543
446,491,469
469,478,475
469,472,471
469,475,472
469,491,478
478,491,479
446,537,491
479,491,500
491,501,500
491,654,501
446,507,537
505,506,507
506,512,507
507,512,516
507,516,537
516,540,537
537,540,541
537,541,721
491,537,656
491,656,668
537,734,656
491,668,654
654,668,659
659,668,660
660,668,661
661,668,664
656,717,668
664,668,3161
664,3161,3151
668,717,3161
537,721,723
537,723,734
723,726,734
726,730,734
730,731,734
656,734,717
731,3223,734
734,3223,3232
717,734,3232
201,2474,2420
201,2420,2544
2471,2472,2474
2472,2478,2474
2474,2478,2495
2474,2495,2496
2420,2474,2519
2474,2496,2519
2420,2519,2576
2496,2532,2519
2519,2532,2533
2519,2533,2540
2519,2540,3041
2543,2544,2546
2544,2547,2546
2544,2548,2547
2544,2576,2548
2420,2576,2544
2548,2576,2586
2576,2587,2586
2576,3087,2587
2576,3088,3087
2576,3097,3088
2519,3265,2576
2519,3041,3265
2576,3265,3097
2540,2541,3041
2541,3039,3041
3039,3045,3041
3041,3045,3060
3050,3162,3060
3049,3050,3060
3045,3047,3060
3047,3049,3060
3088,3097,3096
3096,3097,3098
3097,3099,3098
3097,3126,3099
3113,3126,3233
3099,3126,3112
3112,3126,3113
3155,3157,3161
3151,3161,3152
3152,3161,3157
3155,3161,3162
717,3195,3161
3060,3162,3161
3060,3161,3195
3060,3195,3126
3223,3228,3232
3228,3229,3232
3229,3235,3232
717,3232,3195
3126,3235,3233
3126,3232,3235
3126,3195,3232
3041,3060,3265
3060,3126,3265
3097,3265,3126
147,308,148
148,314,167
147,165,316
147,148,503
147,160,164
148,166,161
147,503,160
148,509,503
148,161,508
148,508,509
147,164,165
148,167,166
227,308,312
227,314,308
227,321,314
227,322,321
227,323,322
227,312,2545
227,2551,323
147,312,308
148,308,314
147,316,312
314,315,167
311,312,316
312,313,317
311,313,312
314,320,315
314,321,320
312,317,2545
317,2543,2545
160,503,505
503,506,505
503,512,506
503,516,512
509,508,510
509,510,513
503,509,539
503,538,516
509,513,539
539,513,514
503,539,538
516,538,540
539,514,542
538,541,540
539,542,543
538,539,719
538,721,541
539,543,724
538,719,721
539,724,725
539,727,719
539,725,727
719,723,721
719,726,723
727,725,728
719,730,726
719,731,730
727,728,732
727,732,733
719,740,731
719,727,740
727,733,3230
727,3231,740
727,3230,3231
731,740,3223
227,2545,2572
227,2572,2551
2543,2546,2545
2545,2546,2547
2545,2547,2548
2572,2552,2551
2572,2553,2552
2572,2562,2553
2572,2563,2562
2545,2548,2586
2545,2577,2572
2572,2578,2563
2545,2586,2577
2578,2589,2563
2572,2577,2578
2577,2586,2587
2578,2590,2589
2577,2587,3087
2578,3089,2590
2577,3299,2578
2578,3299,3089
2577,3087,3299
3127,3226,3234
3099,3125,3299
3113,3233,3125
3127,3234,3115
3099,3112,3125
3127,3114,3101
3112,3113,3125
3127,3115,3114
3125,3127,3299
3125,3243,3127
3231,3230,3224
3231,3224,3225
3231,3225,3226
740,3228,3223
740,3243,3228
740,3231,3243
3228,3243,3229
3229,3243,3235
3233,3235,3243
3127,3231,3226
3127,3243,3231
3125,3233,3243
3087,3088,3299
3299,3091,3089
3299,3092,3091
3299,3093,3092
3299,3094,3093
3088,3096,3299
3096,3098,3299
3098,3099,3299
3299,3100,3094
3299,3101,3100
3127,3101,3299
205,150,149
149,167,315
149,150,504
149,504,161
150,511,504
149,166,167
149,161,166
150,340,341
150,341,171
150,171,511
511,171,170
511,170,519
205,318,228
205,228,319
318,2549,228
319,228,2550
205,149,318
205,319,150
149,315,320
149,320,318
150,331,340
150,319,331
319,332,331
318,322,323
318,320,321
318,321,322
319,324,332
319,350,324
319,351,350
318,323,2549
319,2550,351
2549,323,2551
2550,2542,351
504,508,161
504,510,508
504,513,510
504,514,513
504,511,536
504,535,514
511,519,526
511,526,527
511,527,536
504,536,535
535,542,514
535,543,542
536,527,597
536,597,598
536,598,599
535,536,720
535,724,543
536,599,729
535,720,724
536,729,720
729,599,600
729,600,605
729,605,618
729,618,622
3227,622,3063
720,725,724
720,728,725
720,732,728
720,733,732
720,739,733
720,729,739
729,622,3227
739,3230,733
729,3227,739
228,2549,2440
228,2440,2550
2549,2551,2552
2549,2552,2553
2549,2553,2562
2550,2554,2542
2550,2555,2554
2550,2567,2555
2550,2568,2567
2549,2562,2579
2579,2562,2563
2550,2580,2568
2549,2579,2440
2550,2440,2580
2579,2563,2589
2580,2585,2568
2440,2579,2580
2580,2588,2585
2579,2589,2590
2580,2595,2588
2579,2590,3089
2579,3300,2580
2580,3095,2595
3095,2598,2595
2579,3089,3090
2579,3090,3300
2580,3300,3095
3227,3063,3068
3227,3068,3062
3227,3076,3073
3227,3062,3076
3095,3086,2598
3095,3082,3086
3095,3083,3082
3090,3089,3091
3090,3091,3092
3090,3092,3093
3095,3122,3083
3122,3111,3083
3121,3100,3101
3122,3116,3111
3122,3073,3116
3227,3073,3122
3227,3122,3244
3244,3121,3234
3121,3115,3234
3121,3101,3114
3121,3114,3115
3300,3121,3122
3244,3122,3121
739,3224,3230
739,3244,3224
739,3227,3244
3244,3234,3226
3244,3225,3224
3244,3226,3225
3300,3093,3094
3300,3094,3100
3090,3093,3300
3300,3100,3121
3095,3300,3122
168,169,517
168,171,341
517,519,170
168,517,171
169,175,517
517,170,171
174,517,175
168,326,169
168,340,331
168,332,326
169,326,334
169,334,343
168,331,332
326,332,324
326,329,334
326,330,329
326,324,350
326,354,330
168,341,340
169,343,342
169,342,175
326,350,356
326,356,354
356,350,351
354,356,355
356,351,2542
355,356,2559
174,521,517
517,521,522
517,522,523
517,526,519
517,527,526
517,523,548
517,547,527
517,548,547
547,597,527
523,585,548
548,585,586
547,598,597
547,599,598
547,548,601
547,601,599
548,586,603
601,600,599
548,613,601
548,603,612
548,612,613
601,605,600
601,618,605
612,614,613
613,614,615
601,613,737
601,737,618
613,615,3064
737,622,618
613,3065,737
737,3063,622
613,3064,3065
737,3068,3063
356,2542,2554
356,2560,2559
356,2554,2566
356,2566,2560
2566,2554,2555
2560,2566,2561
2566,2555,2567
2561,2566,2569
2566,2570,2569
2566,2567,2593
2593,2567,2568
2566,2594,2570
2570,2594,2591
2566,2593,2594
2593,2568,2585
2591,2594,2592
2593,2585,2588
2593,2588,2595
2592,2594,2599
2593,3107,2594
2593,2595,3107
2594,3107,2599
3107,2595,2598
2599,3107,2600
3107,2598,3086
3065,3066,3067
3064,3066,3065
737,3077,3068
737,3065,3077
3067,3074,3119
3065,3067,3119
3077,3076,3062
3077,3062,3068
3077,3073,3076
3065,3119,3077
3084,3085,3119
3085,3105,3119
3118,3083,3111
2600,3107,3102
3102,3107,3103
3103,3107,3105
3107,3086,3082
3107,3082,3083
3105,3107,3119
3107,3083,3118
3107,3118,3119
3074,3084,3119
3118,3116,3073
3077,3118,3073
3077,3119,3118
3118,3111,3116
153,154,515
154,344,172
153,175,342
154,172,173
153,515,520
154,173,515
173,518,515
153,520,175
174,175,520
153,352,325
153,325,154
154,309,344
154,333,309
154,325,333
153,343,334
325,327,333
325,328,327
325,353,328
329,330,352
329,352,334
153,334,352
153,342,343
230,325,352
230,353,325
330,354,352
352,354,355
230,357,353
230,352,2558
352,355,2559
230,2556,357
352,2559,2558
515,518,524
515,524,525
515,546,520
515,525,549
174,520,521
520,522,521
520,546,522
522,546,523
515,549,546
523,546,585
525,587,549
546,586,585
549,587,588
546,549,602
549,588,604
546,603,586
546,602,617
549,619,602
549,604,616
546,617,603
549,616,619
603,617,612
612,617,614
614,617,615
602,738,617
602,619,738
616,620,619
619,620,621
619,621,738
621,623,738
615,617,3069
617,738,3069
615,3069,3064
623,3070,738
230,2557,2556
230,2565,2557
230,2558,2565
2558,2559,2560
2558,2560,2561
2558,2561,2569
2557,2565,2564
2558,2569,2570
2564,2565,2573
2558,2570,2581
2558,2581,2565
2565,2574,2573
2570,2591,2581
2565,2581,2584
2565,2584,2574
2574,2584,2582
2582,2584,2583
2583,2584,2596
2581,2591,2592
2581,2592,2599
2581,3301,2584
2584,3301,2596
2596,3301,2597
2581,2599,3104
2599,2600,3104
2600,3102,3104
2581,3104,3301
2597,3301,3108
3067,3069,3074
738,3070,3078
3064,3069,3066
3066,3069,3067
738,3078,3069
3070,3072,3078
3071,3078,3072
3071,3075,3078
3069,3123,3074
3084,3123,3085
3085,3123,3105
3102,3103,3104
3103,3123,3104
3106,3108,3301
3104,3123,3301
3106,3301,3109
3103,3105,3123
3110,3124,3120
3109,3124,3110
3123,3124,3301
3109,3301,3124
3074,3123,3084
3075,3117,3124
3117,3120,3124
3078,3124,3123
3069,3078,3123
3075,3124,3078
151,152,162
151,206,152
152,159,184
152,337,159
151,344,309
152,179,162
151,162,163
162,179,181
162,181,182
162,182,183
151,163,172
151,172,344
163,173,172
163,518,173
163,524,518
152,184,179
152,206,211
151,225,206
206,212,213
206,213,211
206,241,212
206,225,226
206,226,241
225,328,353
225,353,357
226,229,241
225,2427,226
225,357,2556
152,211,337
151,333,225
151,309,333
225,333,327
225,327,328
162,544,163
162,183,545
162,545,544
163,525,524
163,544,525
525,544,587
545,183,529
544,588,587
544,545,722
545,529,530
544,604,588
544,736,604
544,722,736
545,742,722
604,736,616
545,530,742
742,530,609
616,736,620
620,736,621
621,736,623
623,736,3070
722,741,736
722,742,741
736,741,3236
741,742,3240
742,609,627
742,627,743
742,743,745
742,745,3239
226,2425,229
226,2426,2425
225,2556,2427
2427,2556,2557
226,2441,2426
226,2427,2441
2427,2557,2564
2441,2428,2426
2441,2442,2428
2427,2632,2441
2441,2575,2442
2427,2564,2573
2427,2573,2632
2441,2633,2575
2441,2632,2633
2573,2574,2632
2574,2582,2632
2582,2583,2632
2583,2596,2632
2596,2597,2632
2597,3108,2645
2633,2631,2575
2633,2634,2631
2633,2635,2634
2632,2647,2633
2597,2645,2632
2633,2647,2635
2647,2644,2635
2632,2645,2647
2647,2646,2644
2647,3302,2646
736,3236,3070
3070,3236,3072
3071,3072,3236
3071,3236,3075
3075,3236,3117
2645,3108,3106
3109,3110,3313
3106,3109,3313
3117,3236,3313
3117,3313,3120
3110,3120,3313
3314,3131,3141
3314,3079,3131
3236,3245,3313
3240,3314,3245
3245,3314,3313
3240,3079,3314
741,3245,3236
741,3240,3245
742,3239,3240
3240,3239,3241
3240,3241,3079
2645,3106,3313
2645,3313,2647
2647,3314,3303
3314,3304,3303
2647,3313,3314
2647,3303,3302
3314,3141,3304
155,202,156
155,156,145
156,157,158
156,335,157
155,159,337
155,178,159
156,158,180
155,145,178
156,180,145
178,179,184
178,181,179
178,182,181
178,183,182
178,184,159
180,158,185
180,185,186
180,186,193
180,193,528
155,231,202
156,202,232
156,232,335
155,211,231
231,213,212
232,210,335
231,211,213
202,231,2421
202,2421,232
232,233,210
232,236,233
231,212,241
232,240,236
231,241,229
232,2444,240
231,229,2425
155,337,211
145,550,178
145,180,551
178,550,183
145,551,550
180,528,551
550,529,183
551,528,593
551,593,594
550,530,529
550,551,735
551,594,606
550,609,530
551,606,608
550,627,609
551,608,746
550,735,744
551,746,735
550,744,627
746,608,631
746,631,633
746,633,639
744,743,627
744,745,743
735,3238,744
735,746,3238
744,3246,745
746,639,3247
231,2443,2421
232,2421,2445
231,2425,2443
232,2445,2444
2443,2425,2426
2443,2426,2428
2421,2443,2432
2421,2432,2445
2445,2448,2444
2445,2449,2448
2445,2452,2449
2443,2428,2442
2443,2442,2575
2445,2642,2452
2443,2641,2432
2445,2432,2642
2443,2575,2641
2642,2636,2452
2432,2641,2642
2641,2575,2631
2641,2631,2634
2641,2634,2635
2642,2637,2636
2642,2650,2637
2641,2635,2654
2641,2671,2642
2642,2651,2650
2654,2635,2644
2654,2644,2646
2654,2646,3302
2658,2656,2655
2658,2657,2656
2658,3305,2657
2641,2654,2671
2642,2671,2651
2671,2652,2651
2671,2655,2652
2658,2655,2671
3247,639,3080
3246,3131,3079
3247,3080,3130
3247,3130,3137
3247,3137,3138
3246,3317,3131
3247,3138,3318
3318,3138,3134
3246,3248,3317
3247,3318,3248
744,3238,3246
746,3247,3238
3246,3239,745
3246,3241,3239
3246,3079,3241
3238,3248,3246
3238,3247,3248
3317,3303,3304
2654,3302,3303
2654,3303,3317
2658,3318,3305
3318,3307,3305
2671,3317,3318
3317,3141,3131
3318,3134,3307
3317,3304,3141
3317,3248,3318
2654,3317,2671
2658,2671,3318
111,112,176
111,157,335
111,158,157
112,336,188
111,176,158
112,187,176
112,188,189
112,189,187
176,186,185
176,185,158
187,189,190
187,190,194
176,193,186
176,528,193
176,187,532
187,194,195
187,195,532
111,203,112
112,237,207
111,335,210
112,203,237
111,234,203
111,233,234
111,210,233
203,234,2422
203,2422,238
238,2422,242
203,235,237
203,239,235
203,238,239
234,233,236
234,236,240
112,207,336
176,531,528
176,532,531
195,592,532
531,593,528
531,594,593
532,592,595
531,532,607
531,606,594
532,595,632
531,607,606
595,626,632
607,608,606
532,632,607
607,631,608
607,633,631
626,628,632
628,629,632
629,630,632
630,638,632
607,3237,633
607,632,3237
3237,639,633
234,2450,2422
242,2422,2446
2422,2447,2446
234,240,2450
2450,240,2444
2422,2450,2433
2422,2433,2447
2450,2444,2448
2450,2448,2449
2450,2449,2452
2433,2451,2447
2433,2453,2451
2433,2454,2453
2450,2452,2636
2433,2450,2603
2433,2604,2454
2450,2636,2603
2454,2604,2639
2433,2603,2604
2603,2636,2637
2604,2640,2639
2604,2643,2640
2603,2637,2653
2653,2637,2650
2653,2650,2651
2653,2651,2652
2653,2652,2655
2653,2655,2656
2653,2656,3311
2603,2664,2604
2604,2664,2643
2603,2653,2664
2643,2664,2649
2649,2664,2661
2661,2664,2662
2659,2662,2664
2653,3311,2664
632,638,3129
632,3139,3237
632,3129,3139
3129,3132,3139
3132,3133,3139
3133,3135,3139
3148,3137,3130
3135,3312,3139
3135,3147,3312
3148,3138,3137
3148,3134,3138
3237,3080,639
3237,3130,3080
3148,3130,3237
3139,3148,3237
3311,2657,3305
3311,2656,2657
2659,3312,3308
3306,3308,3312
3311,3305,3307
3311,3307,3134
3147,3306,3312
3148,3311,3134
3139,3312,3148
3148,3312,3311
2659,2664,3312
2664,3311,3312
113,188,336
113,114,177
113,177,188
114,192,177
114,339,192
177,189,188
177,190,189
177,194,190
177,195,194
192,345,346
192,346,348
177,192,534
177,533,195
192,349,534
113,204,114
113,336,207
114,214,338
113,235,217
113,237,235
113,217,204
114,204,218
114,218,216
113,207,237
114,216,214
217,235,239
217,239,238
217,238,242
204,217,2423
204,2423,218
218,220,219
216,218,219
218,223,220
218,2423,223
114,338,339
192,339,345
192,348,349
177,534,533
195,533,592
349,590,534
533,595,592
533,626,595
534,590,596
534,596,611
534,611,625
533,534,610
533,610,626
534,625,640
534,640,610
625,634,640
610,628,626
610,629,628
610,630,629
610,638,630
634,635,640
610,640,3242
610,3242,638
635,636,640
217,242,2446
223,2423,224
217,2446,2430
217,2430,2423
224,2423,2431
2430,2446,2447
2430,2447,2451
2423,2430,2601
2423,2601,2431
2431,2601,2436
2436,2601,2437
2437,2601,2438
2430,2451,2453
2430,2453,2454
2430,2454,2607
2438,2608,2439
2430,2607,2601
2438,2601,2608
2601,2607,2608
2454,2639,2607
2607,2639,2640
2439,2608,2605
2605,2608,2606
2607,2640,2643
2606,2608,2660
2607,2673,2608
2607,2643,2663
2607,2663,2673
2608,2673,2660
2643,2649,2663
2649,2661,2663
2661,2662,2663
2660,2673,2665
2665,2673,2666
2666,2673,2667
2667,2673,2668
2659,2663,2662
2659,3321,2663
2663,3321,2673
2668,2673,3322
636,3140,640
638,3242,3129
640,3140,3242
636,3128,3140
3129,3242,3132
3133,3136,3135
3135,3136,3147
3132,3242,3133
3133,3242,3136
3128,3142,3140
3136,3242,3316
3140,3316,3242
3136,3306,3147
3140,3143,3144
3140,3142,3143
2659,3308,3321
3306,3321,3308
3146,3309,3322
3309,3310,3322
3136,3321,3306
3144,3146,3322
3140,3144,3322
3136,3316,3321
3140,3322,3316
3316,3322,3321
2668,3322,3310
2673,3321,3322
191,345,339
191,346,345
191,348,346
208,338,214
208,215,209
208,214,216
208,221,215
209,215,222
219,220,221
215,221,2424
215,2424,222
220,223,221
221,223,224
208,216,219
208,219,221
209,222,358
222,2429,358
191,208,209
191,339,208
208,339,338
191,209,347
209,358,347
191,349,348
191,347,591
191,589,349
347,358,359
347,359,591
358,2571,359
191,591,589
349,589,590
589,596,590
589,611,596
589,591,624
589,624,611
359,637,591
359,3061,637
611,624,625
591,637,624
624,634,625
624,635,634
624,637,3081
624,3081,635
221,224,2434
221,2434,2424
222,2424,2435
224,2431,2434
222,2435,2429
2424,2434,2602
2424,2602,2435
2434,2436,2437
2431,2436,2434
2434,2437,2438
2434,2438,2439
2429,2435,2638
358,2429,2571
359,2571,3061
2429,2638,2571
2571,2648,3061
2571,2638,2648
2434,2609,2602
2435,2602,2610
2434,2439,2605
2434,2605,2609
2435,2610,2638
2602,2609,2610
2605,2606,2609
2610,2670,2638
2638,2670,2648
2648,2670,3320
2606,2669,2609
2609,2672,2610
2606,2660,2669
2609,2669,2672
2610,2672,2670
2660,2665,2669
2665,2666,2669
2666,2667,2669
2667,3319,2669
2667,2668,3319
2669,3319,2672
2670,2672,3320
635,3081,636
637,3061,3145
636,3081,3128
637,3145,3081
2648,3145,3061
3081,3142,3128
3143,3315,3144
3142,3315,3143
3144,3315,3146
3081,3315,3142
3081,3145,3315
2648,3320,3145
3309,3319,3310
3146,3319,3309
3315,3320,3319
3146,3315,3319
3145,3320,3315
2668,3310,3319
2672,3319,3320
